c PyNETGEN v1.0.0
c $ pip install pynetgen
c
c  NETGEN flow network generation algorithm
c  Problem input parameters
c  -------------------------------------
c   Random seed:          77
c   Number of nodes:      100
c   Source nodes:         2
c   Sink nodes:           2
c   Number of arcs:       251
c   Minimum arc cost:     1
c   Maximum arc cost:     10
c   Total supply:         250
c   Transshipment -
c     Sources:            0
c     Sinks:              0
c   Skeleton arcs -
c     With max cost:      0
c     Capacitated:        100
c   Minimum arc capacity: 1
c   Maximum arc capacity: 50
c
c  *** Minimum cost flow ***
c
p min 100 251
n 1 15
n 2 235
n 99 -122
n 100 -128
a 1 27 0 15 10
a 1 40 0 31 6
a 3 39 0 15 7
a 3 55 0 39 6
a 3 93 0 37 9
a 3 72 0 33 3
a 5 13 0 15 4
a 5 38 0 2 5
a 5 59 0 31 7
a 7 30 0 15 9
a 7 26 0 47 1
a 7 17 0 50 4
a 7 84 0 33 4
a 9 63 0 15 5
a 9 66 0 31 9
a 10 40 0 15 4
a 10 99 0 23 3
a 10 100 0 19 9
a 12 90 0 15 1
a 12 61 0 2 4
a 12 72 0 43 5
a 13 17 0 15 8
a 13 24 0 34 1
a 13 47 0 41 9
a 13 20 0 31 10
a 14 54 0 15 9
a 14 72 0 50 10
a 14 57 0 33 1
a 17 92 0 15 5
a 17 35 0 7 9
a 18 19 0 15 9
a 18 75 0 38 3
a 19 36 0 15 7
a 19 9 0 1 5
a 21 49 0 15 7
a 21 28 0 33 10
a 23 12 0 15 1
a 23 99 0 15 9
a 23 50 0 20 4
a 23 52 0 27 2
a 26 84 0 15 4
a 26 20 0 38 2
a 26 34 0 34 8
a 26 70 0 26 10
a 27 74 0 15 5
a 27 50 0 26 1
a 29 91 0 15 1
a 29 16 0 39 10
a 30 38 0 15 7
a 30 39 0 43 6
a 33 70 0 15 5
a 33 48 0 9 4
a 33 75 0 24 7
a 35 64 0 15 8
a 35 44 0 20 10
a 36 3 0 15 4
a 36 26 0 49 3
a 36 9 0 10 1
a 38 78 0 15 1
a 38 13 0 38 5
a 39 67 0 15 8
a 39 96 0 3 6
a 40 29 0 15 7
a 40 75 0 29 4
a 40 38 0 47 8
a 42 83 0 15 1
a 42 74 0 14 1
a 42 23 0 4 8
a 49 9 0 15 5
a 49 100 0 4 3
a 49 99 0 14 4
a 52 33 0 15 6
a 52 38 0 8 8
a 52 57 0 10 3
a 54 52 0 15 8
a 54 16 0 39 9
a 56 10 0 15 1
a 56 62 0 42 9
a 58 75 0 15 5
a 58 45 0 32 8
a 59 18 0 15 4
a 59 6 0 24 4
a 59 57 0 28 5
a 59 15 0 31 2
a 63 100 0 15 1
a 63 42 0 48 1
a 63 38 0 39 5
a 64 26 0 15 5
a 64 72 0 17 9
a 64 6 0 4 9
a 67 14 0 15 1
a 67 5 0 42 8
a 67 90 0 7 4
a 68 42 0 15 5
a 68 20 0 31 7
a 68 47 0 19 7
a 70 7 0 15 9
a 70 34 0 10 6
a 70 62 0 15 10
a 72 5 0 15 5
a 72 73 0 43 2
a 74 86 0 15 9
a 74 81 0 46 9
a 75 93 0 15 3
a 75 33 0 35 2
a 75 85 0 2 1
a 78 58 0 15 4
a 78 72 0 13 2
a 83 94 0 15 6
a 83 64 0 36 1
a 83 79 0 41 2
a 84 56 0 15 8
a 84 3 0 45 3
a 85 59 0 15 5
a 85 95 0 46 7
a 86 89 0 15 2
a 86 22 0 14 3
a 86 30 0 28 1
a 89 23 0 15 3
a 89 21 0 33 5
a 89 79 0 21 6
a 90 85 0 15 2
a 90 28 0 4 5
a 91 72 0 15 3
a 91 78 0 33 10
a 91 85 0 48 3
a 92 21 0 15 8
a 92 68 0 12 2
a 93 68 0 15 8
a 93 33 0 22 3
a 94 35 0 15 6
a 94 34 0 45 9
a 94 42 0 8 6
a 2 96 0 235 8
a 2 38 0 7 5
a 2 17 0 42 9
a 4 62 0 235 6
a 4 51 0 28 7
a 6 88 0 235 4
a 6 99 0 235 5
a 6 38 0 9 10
a 6 61 0 14 5
a 8 61 0 235 4
a 8 22 0 31 10
a 11 22 0 235 5
a 11 29 0 19 8
a 15 6 0 235 8
a 15 67 0 1 6
a 16 57 0 235 6
a 16 49 0 47 7
a 16 83 0 15 5
a 20 43 0 235 4
a 20 53 0 19 8
a 22 81 0 235 2
a 22 20 0 34 6
a 22 47 0 42 4
a 24 76 0 235 3
a 24 93 0 9 5
a 25 87 0 235 1
a 25 44 0 26 8
a 25 19 0 49 9
a 28 20 0 235 5
a 28 30 0 49 9
a 28 92 0 22 8
a 31 46 0 235 7
a 31 17 0 23 2
a 32 28 0 235 5
a 32 60 0 37 3
a 32 89 0 22 6
a 34 44 0 235 1
a 34 80 0 6 5
a 37 8 0 235 1
a 37 100 0 46 5
a 41 73 0 235 6
a 41 92 0 37 10
a 43 41 0 235 5
a 43 17 0 12 3
a 43 34 0 29 6
a 44 47 0 235 5
a 44 66 0 24 4
a 45 11 0 235 3
a 45 67 0 18 4
a 45 71 0 49 7
a 46 66 0 235 3
a 46 89 0 42 7
a 46 9 0 44 4
a 47 95 0 235 4
a 47 71 0 37 3
a 47 13 0 16 5
a 48 50 0 235 1
a 48 98 0 18 10
a 48 10 0 16 6
a 50 31 0 235 7
a 50 87 0 18 10
a 51 80 0 235 2
a 51 21 0 19 1
a 51 87 0 47 9
a 53 45 0 235 1
a 53 83 0 40 7
a 55 98 0 235 8
a 55 3 0 34 9
a 57 82 0 235 1
a 57 5 0 5 4
a 60 69 0 235 4
a 60 4 0 46 5
a 61 48 0 235 2
a 61 70 0 1 2
a 61 79 0 43 9
a 62 25 0 235 9
a 62 49 0 3 3
a 65 34 0 235 1
a 65 58 0 34 7
a 66 53 0 235 5
a 66 33 0 27 2
a 69 71 0 235 10
a 69 96 0 42 4
a 71 4 0 235 10
a 71 49 0 35 3
a 73 51 0 235 5
a 73 13 0 12 10
a 76 77 0 235 3
a 76 52 0 5 4
a 76 7 0 7 2
a 77 60 0 235 6
a 77 25 0 45 7
a 77 18 0 50 6
a 79 16 0 235 4
a 79 52 0 45 6
a 80 37 0 235 8
a 80 7 0 4 10
a 81 97 0 235 3
a 81 54 0 17 5
a 82 15 0 235 6
a 82 16 0 26 7
a 82 77 0 46 1
a 82 92 0 4 3
a 87 32 0 235 4
a 87 39 0 28 7
a 88 24 0 235 2
a 88 61 0 21 10
a 88 72 0 34 8
a 95 79 0 235 4
a 95 49 0 46 9
a 96 55 0 235 5
a 96 77 0 23 9
a 97 100 0 235 8
a 97 54 0 30 7
a 97 35 0 23 8
a 97 92 0 2 9
a 98 65 0 235 5
a 98 94 0 6 7
