c PyNETGEN v1.0.0
c $ pip install pynetgen
c
c  NETGEN flow network generation algorithm
c  Problem input parameters
c  -------------------------------------
c   Random seed:          12
c   Number of nodes:      100
c   Source nodes:         2
c   Sink nodes:           2
c   Number of arcs:       251
c   Minimum arc cost:     1
c   Maximum arc cost:     10
c   Total supply:         250
c   Transshipment -
c     Sources:            0
c     Sinks:              0
c   Skeleton arcs -
c     With max cost:      0
c     Capacitated:        100
c   Minimum arc capacity: 1
c   Maximum arc capacity: 50
c
c  *** Minimum cost flow ***
c
p min 100 251
n 1 60
n 2 190
n 99 -130
n 100 -120
a 1 37 0 60 10
a 1 57 0 8 8
a 1 61 0 32 10
a 5 15 0 60 9
a 5 77 0 6 2
a 5 65 0 16 9
a 6 22 0 60 9
a 6 80 0 4 10
a 6 21 0 42 2
a 6 43 0 27 1
a 7 76 0 60 4
a 7 63 0 28 4
a 9 17 0 60 4
a 9 93 0 50 6
a 10 98 0 60 1
a 10 33 0 5 5
a 11 50 0 60 5
a 11 13 0 7 1
a 11 45 0 6 3
a 13 42 0 60 3
a 13 87 0 45 1
a 13 76 0 26 2
a 14 11 0 60 6
a 14 79 0 26 10
a 15 23 0 60 6
a 15 88 0 29 7
a 15 43 0 22 4
a 15 27 0 29 9
a 17 13 0 60 2
a 17 26 0 5 7
a 18 85 0 60 8
a 18 72 0 43 4
a 18 16 0 16 10
a 19 28 0 60 5
a 19 39 0 30 3
a 19 15 0 36 2
a 20 70 0 60 1
a 20 99 0 35 10
a 20 49 0 35 4
a 20 80 0 47 10
a 21 71 0 60 8
a 21 70 0 46 7
a 22 10 0 60 2
a 22 50 0 21 2
a 22 64 0 6 6
a 22 43 0 28 9
a 23 21 0 60 2
a 23 80 0 43 4
a 26 29 0 60 9
a 26 81 0 16 6
a 27 100 0 60 5
a 27 84 0 32 10
a 27 88 0 17 9
a 27 83 0 14 8
a 28 75 0 60 4
a 28 74 0 1 2
a 28 57 0 50 3
a 29 48 0 60 7
a 29 10 0 24 8
a 29 15 0 26 7
a 30 86 0 60 4
a 30 77 0 22 7
a 32 64 0 60 7
a 32 36 0 10 7
a 33 69 0 60 4
a 33 44 0 1 6
a 36 96 0 60 9
a 36 99 0 60 6
a 36 91 0 12 8
a 37 5 0 60 4
a 37 67 0 5 7
a 37 10 0 44 5
a 38 18 0 60 7
a 38 54 0 21 1
a 42 7 0 60 4
a 42 75 0 4 2
a 42 60 0 50 9
a 44 87 0 60 4
a 44 40 0 23 7
a 44 72 0 40 2
a 47 53 0 60 7
a 47 71 0 11 2
a 47 41 0 1 3
a 48 58 0 60 2
a 48 15 0 46 6
a 50 9 0 60 8
a 50 44 0 17 8
a 50 7 0 25 5
a 53 19 0 60 5
a 53 26 0 6 7
a 58 20 0 60 2
a 58 10 0 22 3
a 58 9 0 21 10
a 59 89 0 60 1
a 59 51 0 14 4
a 59 97 0 7 3
a 60 38 0 60 6
a 60 92 0 46 9
a 60 43 0 44 3
a 62 60 0 60 4
a 62 9 0 36 5
a 64 27 0 60 6
a 64 97 0 6 1
a 64 21 0 12 8
a 66 47 0 60 3
a 66 21 0 49 3
a 66 98 0 29 7
a 67 72 0 60 2
a 67 27 0 24 6
a 67 15 0 34 10
a 69 66 0 60 4
a 69 11 0 39 8
a 70 80 0 60 4
a 70 14 0 31 10
a 70 3 0 37 2
a 71 59 0 60 2
a 71 55 0 28 5
a 72 6 0 60 3
a 72 65 0 36 4
a 72 56 0 7 6
a 74 62 0 60 10
a 74 57 0 21 2
a 75 44 0 60 1
a 75 69 0 22 4
a 75 81 0 4 5
a 76 30 0 60 10
a 76 33 0 47 2
a 76 68 0 49 1
a 80 32 0 60 9
a 80 7 0 31 9
a 85 14 0 60 4
a 85 13 0 26 9
a 85 41 0 26 3
a 86 36 0 60 8
a 86 41 0 30 8
a 86 58 0 29 4
a 87 26 0 60 3
a 87 46 0 3 6
a 87 84 0 47 6
a 89 67 0 60 4
a 89 82 0 3 7
a 89 40 0 29 7
a 96 33 0 60 7
a 96 63 0 50 3
a 96 87 0 27 1
a 98 74 0 60 7
a 98 18 0 34 5
a 2 97 0 190 1
a 2 5 0 28 3
a 2 31 0 39 4
a 3 43 0 190 6
a 3 69 0 38 6
a 4 95 0 190 7
a 4 37 0 10 5
a 4 3 0 47 2
a 8 31 0 190 8
a 8 13 0 22 9
a 12 8 0 190 5
a 12 4 0 34 10
a 16 40 0 190 1
a 16 43 0 1 7
a 16 68 0 21 1
a 24 54 0 190 10
a 24 86 0 50 4
a 25 56 0 190 1
a 25 13 0 21 5
a 31 83 0 190 9
a 31 20 0 32 6
a 34 84 0 190 2
a 34 37 0 33 7
a 35 61 0 190 5
a 35 7 0 3 4
a 39 81 0 190 7
a 39 47 0 29 7
a 40 82 0 190 4
a 40 89 0 16 8
a 40 22 0 28 6
a 41 46 0 190 3
a 41 73 0 20 5
a 41 72 0 25 3
a 43 34 0 190 2
a 43 97 0 32 2
a 43 53 0 42 5
a 45 12 0 190 10
a 45 11 0 34 6
a 45 14 0 28 7
a 46 55 0 190 1
a 46 8 0 29 1
a 49 79 0 190 8
a 49 84 0 49 9
a 51 41 0 190 3
a 51 76 0 16 1
a 51 52 0 34 3
a 52 73 0 190 8
a 52 6 0 21 9
a 54 63 0 190 9
a 54 27 0 33 6
a 55 39 0 190 6
a 55 73 0 28 1
a 56 52 0 190 6
a 56 89 0 10 1
a 57 99 0 190 6
a 57 5 0 30 8
a 57 7 0 15 6
a 61 92 0 190 9
a 61 41 0 48 7
a 61 34 0 7 2
a 63 90 0 190 2
a 63 79 0 18 1
a 63 50 0 42 3
a 65 77 0 190 6
a 65 100 0 190 6
a 65 17 0 31 5
a 65 97 0 50 2
a 68 49 0 190 7
a 68 43 0 47 7
a 73 3 0 190 1
a 73 97 0 13 4
a 77 94 0 190 3
a 77 40 0 44 3
a 77 24 0 17 1
a 78 93 0 190 1
a 78 43 0 36 6
a 78 62 0 20 4
a 79 91 0 190 7
a 79 3 0 41 10
a 81 88 0 190 2
a 81 72 0 36 5
a 81 11 0 31 7
a 82 51 0 190 1
a 82 62 0 29 10
a 83 25 0 190 9
a 83 62 0 28 3
a 84 4 0 190 7
a 84 67 0 21 7
a 88 24 0 190 5
a 88 29 0 47 6
a 90 68 0 190 2
a 90 45 0 2 4
a 91 57 0 190 10
a 91 74 0 13 8
a 92 45 0 190 8
a 92 91 0 2 9
a 93 65 0 190 8
a 93 21 0 21 5
a 94 16 0 190 3
a 94 68 0 31 8
a 95 78 0 190 1
a 95 51 0 4 1
a 97 35 0 190 9
a 97 72 0 7 3
