c PyNETGEN v1.0.0
c $ pip install pynetgen
c
c  NETGEN flow network generation algorithm
c  Problem input parameters
c  -------------------------------------
c   Random seed:          87
c   Number of nodes:      100
c   Source nodes:         2
c   Sink nodes:           2
c   Number of arcs:       251
c   Minimum arc cost:     1
c   Maximum arc cost:     10
c   Total supply:         250
c   Transshipment -
c     Sources:            0
c     Sinks:              0
c   Skeleton arcs -
c     With max cost:      0
c     Capacitated:        100
c   Minimum arc capacity: 1
c   Maximum arc capacity: 50
c
c  *** Minimum cost flow ***
c
p min 100 251
n 1 125
n 2 125
n 99 -63
n 100 -187
a 1 14 0 125 5
a 1 15 0 30 4
a 1 71 0 48 10
a 4 22 0 125 1
a 4 81 0 2 5
a 4 7 0 46 10
a 5 45 0 125 7
a 5 36 0 6 7
a 5 56 0 25 7
a 5 88 0 30 3
a 7 79 0 125 9
a 7 9 0 21 9
a 7 81 0 38 8
a 8 4 0 125 2
a 8 99 0 6 4
a 8 97 0 12 8
a 10 8 0 125 10
a 10 26 0 50 9
a 10 97 0 36 8
a 11 7 0 125 3
a 11 42 0 40 2
a 11 14 0 3 2
a 12 90 0 125 3
a 12 48 0 6 3
a 12 84 0 21 6
a 14 70 0 125 9
a 14 63 0 19 2
a 15 62 0 125 9
a 15 79 0 8 2
a 17 65 0 125 3
a 17 67 0 26 2
a 18 59 0 125 9
a 18 14 0 9 3
a 20 37 0 125 7
a 20 50 0 10 8
a 20 42 0 50 3
a 20 19 0 50 4
a 22 30 0 125 6
a 22 18 0 35 8
a 23 36 0 125 8
a 23 89 0 34 7
a 26 11 0 125 1
a 26 44 0 13 1
a 26 84 0 14 9
a 26 28 0 3 3
a 30 99 0 125 10
a 30 40 0 125 3
a 30 33 0 39 2
a 30 28 0 35 8
a 31 91 0 125 3
a 31 6 0 30 4
a 32 12 0 125 7
a 32 64 0 33 5
a 32 50 0 28 9
a 33 10 0 125 7
a 33 92 0 31 2
a 34 5 0 125 9
a 34 6 0 22 9
a 34 9 0 42 2
a 36 33 0 125 8
a 36 6 0 25 6
a 36 99 0 13 1
a 37 32 0 125 5
a 37 89 0 17 5
a 37 18 0 46 2
a 40 60 0 125 10
a 40 58 0 18 10
a 43 67 0 125 7
a 43 82 0 20 10
a 44 15 0 125 10
a 44 86 0 12 5
a 45 26 0 125 6
a 45 9 0 38 7
a 45 62 0 14 4
a 49 63 0 125 1
a 49 32 0 17 7
a 54 82 0 125 1
a 54 6 0 21 5
a 58 18 0 125 2
a 58 22 0 17 4
a 58 40 0 30 5
a 59 34 0 125 10
a 59 51 0 29 7
a 59 47 0 1 2
a 60 100 0 125 2
a 60 85 0 19 6
a 60 89 0 20 6
a 62 86 0 125 1
a 62 96 0 39 5
a 63 75 0 125 10
a 63 85 0 2 7
a 63 55 0 13 5
a 65 58 0 125 8
a 65 94 0 33 6
a 67 80 0 125 1
a 67 14 0 50 3
a 70 20 0 125 6
a 70 76 0 23 1
a 73 77 0 125 8
a 73 10 0 34 9
a 75 54 0 125 4
a 75 92 0 46 9
a 77 85 0 125 8
a 77 90 0 5 1
a 77 6 0 21 6
a 77 42 0 19 10
a 79 73 0 125 6
a 79 95 0 7 7
a 79 93 0 24 4
a 80 44 0 125 9
a 80 66 0 19 5
a 82 88 0 125 3
a 82 75 0 24 7
a 85 23 0 125 5
a 85 18 0 4 4
a 86 17 0 125 5
a 86 72 0 10 4
a 88 31 0 125 7
a 88 42 0 33 8
a 88 94 0 13 9
a 88 15 0 30 5
a 90 49 0 125 4
a 90 85 0 31 7
a 90 21 0 41 4
a 91 43 0 125 7
a 91 29 0 8 7
a 91 59 0 47 6
a 2 29 0 125 8
a 2 21 0 42 10
a 2 9 0 30 5
a 3 50 0 125 2
a 3 71 0 50 8
a 3 65 0 44 7
a 6 78 0 125 6
a 6 71 0 42 1
a 9 51 0 125 3
a 9 78 0 47 10
a 9 99 0 33 3
a 13 64 0 125 4
a 13 49 0 13 4
a 13 88 0 48 9
a 16 21 0 125 9
a 16 71 0 8 9
a 19 87 0 125 1
a 19 67 0 22 4
a 19 38 0 4 3
a 21 92 0 125 9
a 21 56 0 25 5
a 21 48 0 50 8
a 24 38 0 125 1
a 24 23 0 28 4
a 24 78 0 12 7
a 25 53 0 125 7
a 25 84 0 35 2
a 25 90 0 42 1
a 27 76 0 125 9
a 27 17 0 8 4
a 27 83 0 37 4
a 28 24 0 125 6
a 28 81 0 5 4
a 28 49 0 12 1
a 29 66 0 125 3
a 29 21 0 47 4
a 29 63 0 35 2
a 35 69 0 125 4
a 35 54 0 33 3
a 35 93 0 47 4
a 38 35 0 125 5
a 38 64 0 30 6
a 38 87 0 9 5
a 39 95 0 125 4
a 39 99 0 46 7
a 41 47 0 125 1
a 41 39 0 32 4
a 42 28 0 125 4
a 42 92 0 27 10
a 46 74 0 125 3
a 46 42 0 26 1
a 46 91 0 36 6
a 47 9 0 125 10
a 47 7 0 21 5
a 48 3 0 125 2
a 48 62 0 17 6
a 50 16 0 125 6
a 50 17 0 42 5
a 51 46 0 125 8
a 51 79 0 46 5
a 51 50 0 4 3
a 52 98 0 125 3
a 52 65 0 13 9
a 53 71 0 125 4
a 53 100 0 18 5
a 55 27 0 125 9
a 55 59 0 19 1
a 55 43 0 33 8
a 56 68 0 125 3
a 56 39 0 37 5
a 56 90 0 22 3
a 57 93 0 125 5
a 57 8 0 19 3
a 57 20 0 17 2
a 61 83 0 125 10
a 61 33 0 5 5
a 64 19 0 125 7
a 64 28 0 16 4
a 64 80 0 23 7
a 66 25 0 125 7
a 66 82 0 1 4
a 68 48 0 125 10
a 68 71 0 42 10
a 68 32 0 38 9
a 69 39 0 125 5
a 69 92 0 35 1
a 71 72 0 125 3
a 71 14 0 49 9
a 72 56 0 125 2
a 72 12 0 29 7
a 72 48 0 24 1
a 74 96 0 125 6
a 74 99 0 125 2
a 74 24 0 23 7
a 76 100 0 125 2
a 76 22 0 19 1
a 76 40 0 33 7
a 78 55 0 125 9
a 78 3 0 3 6
a 81 61 0 125 7
a 81 13 0 36 1
a 83 57 0 125 5
a 83 24 0 6 7
a 83 14 0 44 7
a 84 41 0 125 7
a 84 42 0 27 5
a 87 97 0 125 5
a 87 23 0 22 2
a 89 6 0 125 2
a 89 35 0 8 3
a 92 94 0 125 7
a 92 62 0 2 2
a 93 13 0 125 3
a 93 91 0 44 5
a 94 81 0 125 6
a 94 26 0 15 1
a 95 89 0 125 9
a 95 28 0 50 5
a 96 52 0 125 9
a 96 83 0 7 5
a 97 84 0 125 9
a 97 80 0 6 1
a 98 42 0 125 2
a 98 65 0 38 6
