c PyNETGEN v1.0.0
c $ pip install pynetgen
c
c  NETGEN flow network generation algorithm
c  Problem input parameters
c  -------------------------------------
c   Random seed:          35
c   Number of nodes:      50
c   Source nodes:         2
c   Sink nodes:           2
c   Number of arcs:       109
c   Minimum arc cost:     1
c   Maximum arc cost:     10
c   Total supply:         250
c   Transshipment -
c     Sources:            0
c     Sinks:              0
c   Skeleton arcs -
c     With max cost:      0
c     Capacitated:        100
c   Minimum arc capacity: 1
c   Maximum arc capacity: 50
c
c  *** Minimum cost flow ***
c
p min 50 109
n 1 137
n 2 113
n 49 -121
n 50 -129
a 1 18 0 137 10
a 1 4 0 36 2
a 4 50 0 137 8
a 4 40 0 12 2
a 4 14 0 3 3
a 6 13 0 137 10
a 6 36 0 11 1
a 6 40 0 45 2
a 7 38 0 137 3
a 7 30 0 36 7
a 9 29 0 137 10
a 9 43 0 26 3
a 12 20 0 137 9
a 12 32 0 36 10
a 12 7 0 27 6
a 13 35 0 137 1
a 13 21 0 13 3
a 15 4 0 137 10
a 15 49 0 38 4
a 15 18 0 28 7
a 16 21 0 137 10
a 16 43 0 31 4
a 18 25 0 137 10
a 18 41 0 15 6
a 20 47 0 137 5
a 20 42 0 12 1
a 20 12 0 12 7
a 21 22 0 137 10
a 21 11 0 39 10
a 22 45 0 137 10
a 22 40 0 13 8
a 22 15 0 8 6
a 25 6 0 137 5
a 25 30 0 21 6
a 25 31 0 15 8
a 29 37 0 137 9
a 29 38 0 18 7
a 33 7 0 137 9
a 33 47 0 48 3
a 33 45 0 17 1
a 35 12 0 137 1
a 35 13 0 42 2
a 37 15 0 137 2
a 37 32 0 12 1
a 38 49 0 137 5
a 38 16 0 137 8
a 38 15 0 7 4
a 38 6 0 22 2
a 45 9 0 137 5
a 45 4 0 23 2
a 45 26 0 28 9
a 47 33 0 137 8
a 47 14 0 15 4
a 2 42 0 113 2
a 2 7 0 27 4
a 2 45 0 9 3
a 3 34 0 113 10
a 3 32 0 33 1
a 5 49 0 113 1
a 5 26 0 113 1
a 5 42 0 36 6
a 8 17 0 113 3
a 8 12 0 29 10
a 10 43 0 113 2
a 10 33 0 27 6
a 11 14 0 113 9
a 11 21 0 10 10
a 14 3 0 113 3
a 14 15 0 20 10
a 17 30 0 113 3
a 17 20 0 23 5
a 19 11 0 113 8
a 19 39 0 46 8
a 23 31 0 113 1
a 23 44 0 23 9
a 24 39 0 113 2
a 24 16 0 37 9
a 26 40 0 113 1
a 26 17 0 10 2
a 27 5 0 113 5
a 27 22 0 40 10
a 28 24 0 113 1
a 28 50 0 32 9
a 30 28 0 113 6
a 30 24 0 9 10
a 31 8 0 113 1
a 31 10 0 5 9
a 32 10 0 113 5
a 32 30 0 40 7
a 34 46 0 113 10
a 34 32 0 43 4
a 36 44 0 113 4
a 36 32 0 42 3
a 39 41 0 113 10
a 39 26 0 25 9
a 40 50 0 113 3
a 40 17 0 45 3
a 41 48 0 113 6
a 41 40 0 40 3
a 42 23 0 113 9
a 42 28 0 7 5
a 43 36 0 113 2
a 43 44 0 29 9
a 44 19 0 113 8
a 44 15 0 7 10
a 46 27 0 113 4
a 46 18 0 43 5
a 48 32 0 113 9
a 48 42 0 47 9
