c PyNETGEN v1.0.0
c $ pip install pynetgen
c
c  NETGEN flow network generation algorithm
c  Problem input parameters
c  -------------------------------------
c   Random seed:          10
c   Number of nodes:      100
c   Source nodes:         2
c   Sink nodes:           2
c   Number of arcs:       251
c   Minimum arc cost:     1
c   Maximum arc cost:     10
c   Total supply:         250
c   Transshipment -
c     Sources:            0
c     Sinks:              0
c   Skeleton arcs -
c     With max cost:      0
c     Capacitated:        100
c   Minimum arc capacity: 1
c   Maximum arc capacity: 50
c
c  *** Minimum cost flow ***
c
p min 100 251
n 1 119
n 2 131
n 99 -165
n 100 -85
a 1 21 0 119 3
a 1 75 0 50 9
a 1 83 0 19 5
a 6 99 0 119 10
a 6 77 0 119 8
a 6 57 0 3 4
a 6 22 0 34 1
a 6 24 0 44 2
a 8 73 0 119 3
a 8 43 0 7 9
a 9 50 0 119 5
a 9 74 0 25 2
a 9 26 0 29 3
a 10 97 0 119 2
a 10 69 0 7 6
a 10 44 0 33 6
a 10 49 0 22 5
a 12 32 0 119 2
a 12 47 0 46 3
a 13 23 0 119 3
a 13 41 0 38 5
a 13 50 0 44 3
a 17 29 0 119 3
a 17 19 0 13 3
a 17 85 0 27 8
a 18 89 0 119 9
a 18 97 0 42 10
a 19 80 0 119 9
a 19 24 0 25 1
a 19 8 0 49 7
a 20 95 0 119 10
a 20 31 0 17 9
a 21 67 0 119 2
a 21 50 0 21 4
a 21 88 0 35 4
a 23 8 0 119 4
a 23 32 0 37 7
a 23 79 0 39 9
a 29 31 0 119 2
a 29 55 0 6 7
a 30 72 0 119 4
a 30 10 0 26 10
a 30 31 0 14 3
a 30 89 0 36 2
a 31 47 0 119 6
a 31 92 0 43 7
a 31 59 0 3 3
a 32 17 0 119 1
a 32 20 0 19 6
a 32 67 0 8 3
a 33 10 0 119 3
a 33 30 0 19 8
a 33 59 0 10 6
a 35 18 0 119 1
a 35 7 0 48 7
a 36 44 0 119 5
a 36 29 0 1 4
a 42 49 0 119 3
a 42 100 0 49 7
a 42 86 0 11 3
a 43 79 0 119 8
a 43 47 0 11 6
a 43 28 0 6 10
a 44 64 0 119 9
a 44 40 0 47 5
a 47 91 0 119 10
a 47 18 0 2 7
a 49 93 0 119 4
a 49 62 0 43 3
a 49 54 0 4 7
a 50 30 0 119 6
a 50 49 0 28 6
a 51 36 0 119 1
a 51 50 0 2 9
a 51 18 0 4 8
a 53 71 0 119 9
a 53 8 0 8 10
a 54 96 0 119 7
a 54 7 0 35 7
a 59 60 0 119 3
a 59 89 0 7 4
a 60 51 0 119 4
a 60 3 0 49 10
a 60 65 0 18 1
a 62 81 0 119 2
a 62 45 0 22 3
a 62 55 0 29 2
a 64 74 0 119 7
a 64 27 0 20 7
a 64 87 0 14 2
a 67 86 0 119 9
a 67 79 0 19 8
a 67 8 0 2 3
a 68 78 0 119 6
a 68 59 0 28 3
a 68 63 0 32 7
a 71 100 0 119 8
a 71 76 0 14 6
a 71 51 0 4 5
a 72 68 0 119 10
a 72 24 0 12 5
a 72 57 0 38 9
a 73 19 0 119 3
a 73 44 0 43 3
a 74 12 0 119 7
a 74 100 0 15 7
a 77 54 0 119 10
a 77 25 0 42 3
a 78 20 0 119 9
a 78 51 0 4 2
a 79 6 0 119 9
a 79 37 0 16 5
a 80 35 0 119 10
a 80 7 0 1 4
a 81 85 0 119 6
a 81 7 0 41 9
a 81 87 0 47 2
a 83 33 0 119 7
a 83 93 0 38 3
a 85 9 0 119 1
a 85 71 0 10 7
a 85 49 0 3 8
a 86 83 0 119 5
a 86 20 0 19 3
a 86 51 0 5 6
a 89 43 0 119 8
a 89 6 0 30 4
a 91 62 0 119 1
a 91 15 0 39 2
a 91 68 0 24 9
a 93 13 0 119 4
a 93 99 0 36 4
a 93 34 0 12 2
a 95 42 0 119 8
a 95 56 0 35 8
a 95 31 0 16 3
a 96 53 0 119 6
a 96 6 0 9 1
a 97 59 0 119 9
a 97 30 0 3 4
a 2 34 0 131 6
a 2 15 0 32 6
a 2 42 0 29 3
a 3 24 0 131 2
a 3 81 0 27 2
a 3 75 0 47 3
a 4 3 0 131 8
a 4 91 0 27 4
a 5 70 0 131 9
a 5 99 0 131 7
a 5 50 0 26 4
a 7 88 0 131 3
a 7 23 0 33 10
a 7 56 0 50 10
a 11 55 0 131 3
a 11 84 0 15 3
a 14 63 0 131 4
a 14 44 0 13 10
a 14 43 0 23 9
a 15 39 0 131 5
a 15 62 0 2 4
a 16 98 0 131 5
a 16 9 0 25 6
a 16 13 0 46 8
a 22 28 0 131 2
a 22 14 0 2 2
a 24 46 0 131 2
a 24 64 0 4 3
a 25 82 0 131 6
a 25 62 0 49 5
a 26 90 0 131 4
a 26 16 0 44 1
a 26 99 0 12 7
a 27 45 0 131 9
a 27 50 0 15 2
a 28 7 0 131 3
a 28 97 0 22 8
a 34 14 0 131 4
a 34 62 0 7 8
a 37 75 0 131 4
a 37 41 0 3 6
a 37 83 0 10 9
a 38 92 0 131 9
a 38 40 0 35 5
a 38 14 0 31 3
a 39 38 0 131 9
a 39 16 0 40 10
a 39 69 0 7 9
a 40 100 0 131 4
a 40 56 0 50 6
a 41 27 0 131 7
a 41 90 0 31 3
a 45 26 0 131 2
a 45 73 0 6 7
a 46 11 0 131 6
a 46 16 0 3 10
a 46 20 0 37 6
a 48 25 0 131 5
a 48 22 0 8 6
a 52 41 0 131 9
a 52 25 0 43 6
a 52 62 0 4 4
a 55 69 0 131 6
a 55 18 0 18 4
a 56 87 0 131 7
a 56 20 0 45 9
a 56 9 0 20 6
a 57 37 0 131 5
a 57 41 0 48 4
a 58 16 0 131 8
a 58 82 0 45 8
a 58 68 0 38 6
a 61 58 0 131 5
a 61 8 0 9 9
a 61 38 0 30 5
a 63 57 0 131 1
a 63 51 0 26 1
a 65 40 0 131 10
a 65 24 0 12 7
a 66 65 0 131 1
a 66 18 0 31 9
a 69 52 0 131 5
a 69 91 0 13 7
a 70 94 0 131 8
a 70 46 0 5 7
a 75 5 0 131 1
a 75 89 0 44 4
a 75 18 0 39 6
a 76 56 0 131 8
a 76 51 0 50 5
a 82 15 0 131 2
a 82 13 0 41 4
a 82 99 0 22 2
a 82 19 0 30 4
a 84 22 0 131 7
a 84 85 0 46 10
a 87 4 0 131 5
a 87 16 0 17 4
a 87 70 0 18 2
a 88 76 0 131 3
a 88 35 0 11 8
a 88 99 0 23 2
a 90 61 0 131 7
a 90 45 0 22 9
a 90 96 0 28 4
a 92 66 0 131 9
a 92 62 0 25 9
a 94 84 0 131 7
a 94 11 0 2 10
a 98 48 0 131 5
a 98 71 0 30 10
