c PyNETGEN v1.0.0
c $ pip install pynetgen
c
c  NETGEN flow network generation algorithm
c  Problem input parameters
c  -------------------------------------
c   Random seed:          17
c   Number of nodes:      100
c   Source nodes:         2
c   Sink nodes:           2
c   Number of arcs:       251
c   Minimum arc cost:     1
c   Maximum arc cost:     10
c   Total supply:         250
c   Transshipment -
c     Sources:            0
c     Sinks:              0
c   Skeleton arcs -
c     With max cost:      0
c     Capacitated:        100
c   Minimum arc capacity: 1
c   Maximum arc capacity: 50
c
c  *** Minimum cost flow ***
c
p min 100 251
n 1 95
n 2 155
n 99 -177
n 100 -73
a 1 46 0 95 6
a 1 28 0 34 2
a 1 99 0 16 2
a 3 27 0 95 10
a 3 10 0 12 5
a 3 9 0 49 4
a 4 85 0 95 2
a 4 100 0 95 10
a 4 9 0 11 4
a 4 3 0 5 6
a 5 42 0 95 3
a 5 12 0 45 2
a 5 100 0 18 5
a 5 98 0 49 5
a 8 26 0 95 8
a 8 94 0 21 9
a 8 41 0 7 7
a 8 6 0 46 4
a 10 24 0 95 1
a 10 94 0 38 2
a 13 39 0 95 3
a 13 35 0 35 7
a 20 64 0 95 7
a 20 45 0 7 7
a 21 99 0 95 4
a 21 9 0 8 9
a 22 43 0 95 6
a 22 61 0 11 7
a 22 50 0 18 7
a 24 78 0 95 2
a 24 75 0 34 8
a 24 94 0 15 2
a 24 4 0 8 2
a 25 67 0 95 5
a 25 82 0 17 3
a 25 16 0 43 6
a 26 93 0 95 4
a 26 84 0 5 9
a 27 57 0 95 5
a 27 28 0 29 10
a 27 91 0 20 2
a 28 29 0 95 10
a 28 42 0 44 1
a 28 23 0 7 8
a 29 76 0 95 9
a 29 99 0 18 6
a 30 58 0 95 10
a 30 59 0 24 4
a 34 83 0 95 4
a 34 33 0 45 2
a 34 10 0 41 6
a 36 71 0 95 1
a 36 40 0 11 1
a 37 82 0 95 5
a 37 16 0 35 2
a 37 35 0 44 5
a 39 50 0 95 6
a 39 100 0 32 6
a 41 55 0 95 5
a 41 97 0 28 5
a 41 69 0 36 1
a 42 41 0 95 3
a 42 9 0 21 3
a 42 88 0 45 7
a 43 81 0 95 6
a 43 60 0 7 1
a 46 37 0 95 6
a 46 48 0 14 9
a 46 6 0 11 4
a 49 73 0 95 7
a 49 65 0 29 1
a 50 56 0 95 9
a 50 13 0 22 9
a 50 23 0 48 10
a 55 79 0 95 7
a 55 83 0 18 1
a 56 22 0 95 10
a 56 64 0 27 4
a 56 13 0 43 3
a 57 36 0 95 1
a 57 25 0 35 1
a 57 30 0 21 6
a 58 61 0 95 5
a 58 74 0 17 6
a 61 28 0 95 3
a 61 77 0 10 1
a 61 23 0 6 7
a 64 77 0 95 3
a 64 19 0 41 7
a 64 97 0 14 4
a 67 94 0 95 4
a 67 32 0 31 3
a 68 86 0 95 8
a 68 38 0 2 4
a 68 44 0 4 10
a 69 8 0 95 4
a 69 26 0 8 6
a 71 98 0 95 9
a 71 58 0 44 10
a 71 24 0 25 9
a 73 10 0 95 5
a 73 93 0 28 3
a 73 44 0 12 7
a 76 25 0 95 8
a 76 15 0 16 8
a 76 49 0 6 9
a 77 13 0 95 5
a 77 64 0 49 5
a 77 6 0 16 7
a 78 3 0 95 2
a 78 72 0 23 3
a 79 21 0 95 5
a 79 17 0 15 9
a 79 99 0 6 8
a 81 68 0 95 3
a 81 51 0 17 10
a 82 34 0 95 6
a 82 75 0 6 3
a 83 69 0 95 6
a 83 85 0 47 10
a 85 5 0 95 1
a 85 65 0 47 7
a 85 67 0 48 1
a 86 49 0 95 6
a 86 50 0 6 4
a 93 30 0 95 10
a 93 18 0 35 2
a 94 20 0 95 9
a 94 11 0 28 1
a 94 25 0 19 3
a 98 4 0 95 2
a 98 13 0 17 9
a 2 16 0 155 10
a 2 34 0 35 3
a 6 52 0 155 2
a 6 32 0 32 1
a 6 12 0 36 5
a 7 14 0 155 10
a 7 59 0 8 2
a 7 99 0 24 3
a 9 84 0 155 1
a 9 21 0 17 9
a 9 56 0 41 2
a 11 62 0 155 4
a 11 8 0 22 4
a 12 63 0 155 6
a 12 16 0 14 6
a 14 87 0 155 4
a 14 29 0 5 8
a 15 18 0 155 1
a 15 99 0 34 7
a 15 22 0 48 8
a 16 89 0 155 5
a 16 50 0 16 10
a 16 100 0 50 7
a 17 32 0 155 7
a 17 42 0 45 9
a 18 44 0 155 6
a 18 73 0 1 1
a 19 99 0 155 6
a 19 88 0 36 1
a 19 76 0 32 8
a 23 97 0 155 1
a 23 71 0 27 5
a 31 96 0 155 8
a 31 53 0 23 7
a 31 41 0 31 9
a 32 91 0 155 8
a 32 38 0 19 10
a 33 38 0 155 3
a 33 64 0 26 2
a 35 33 0 155 1
a 35 81 0 23 9
a 38 90 0 155 8
a 38 72 0 16 3
a 38 31 0 25 4
a 40 9 0 155 5
a 40 84 0 41 7
a 44 47 0 155 5
a 44 71 0 48 1
a 44 92 0 48 5
a 45 31 0 155 6
a 45 16 0 27 9
a 47 48 0 155 2
a 47 86 0 13 10
a 48 88 0 155 10
a 48 38 0 44 8
a 48 66 0 23 3
a 48 76 0 7 5
a 51 70 0 155 5
a 51 45 0 30 7
a 52 40 0 155 2
a 52 66 0 1 3
a 53 92 0 155 6
a 53 40 0 23 1
a 53 15 0 45 8
a 54 51 0 155 7
a 54 59 0 49 7
a 59 95 0 155 2
a 59 70 0 1 6
a 59 47 0 14 3
a 60 75 0 155 6
a 60 77 0 37 8
a 62 65 0 155 8
a 62 8 0 26 1
a 62 59 0 25 4
a 63 19 0 155 6
a 63 15 0 48 2
a 65 15 0 155 3
a 65 7 0 3 9
a 66 17 0 155 3
a 66 87 0 2 3
a 66 67 0 13 5
a 70 66 0 155 1
a 70 53 0 36 8
a 72 53 0 155 1
a 72 24 0 3 2
a 72 43 0 16 8
a 72 31 0 6 10
a 74 45 0 155 8
a 74 87 0 30 9
a 74 83 0 26 4
a 75 54 0 155 4
a 75 59 0 28 4
a 75 30 0 28 1
a 80 74 0 155 5
a 80 36 0 22 6
a 80 68 0 16 10
a 84 80 0 155 1
a 84 79 0 33 1
a 84 81 0 22 8
a 87 72 0 155 4
a 87 70 0 15 7
a 87 60 0 27 4
a 88 60 0 155 1
a 88 22 0 40 5
a 89 23 0 155 8
a 89 11 0 4 3
a 90 12 0 155 3
a 90 28 0 12 9
a 91 7 0 155 10
a 91 19 0 25 2
a 92 100 0 155 10
a 92 6 0 155 7
a 92 80 0 11 3
a 95 11 0 155 2
a 95 82 0 21 10
a 96 35 0 155 4
a 96 56 0 31 7
a 97 59 0 155 6
a 97 73 0 23 1
