c PyNETGEN v1.0.0
c $ pip install pynetgen
c
c  NETGEN flow network generation algorithm
c  Problem input parameters
c  -------------------------------------
c   Random seed:          32
c   Number of nodes:      100
c   Source nodes:         2
c   Sink nodes:           2
c   Number of arcs:       251
c   Minimum arc cost:     1
c   Maximum arc cost:     10
c   Total supply:         250
c   Transshipment -
c     Sources:            0
c     Sinks:              0
c   Skeleton arcs -
c     With max cost:      0
c     Capacitated:        100
c   Minimum arc capacity: 1
c   Maximum arc capacity: 50
c
c  *** Minimum cost flow ***
c
p min 100 251
n 1 191
n 2 59
n 99 -132
n 100 -118
a 1 42 0 191 7
a 1 72 0 9 7
a 1 23 0 18 8
a 1 31 0 3 9
a 3 92 0 191 10
a 3 66 0 45 3
a 4 25 0 191 5
a 4 12 0 12 7
a 6 67 0 191 10
a 6 24 0 36 8
a 6 14 0 4 5
a 10 95 0 191 3
a 10 66 0 21 3
a 10 63 0 20 3
a 10 71 0 14 5
a 13 69 0 191 1
a 13 18 0 16 9
a 13 46 0 22 1
a 14 82 0 191 3
a 14 91 0 32 6
a 14 96 0 36 5
a 18 29 0 191 3
a 18 43 0 7 7
a 18 39 0 3 8
a 18 38 0 26 9
a 21 73 0 191 9
a 21 28 0 13 8
a 21 34 0 11 7
a 25 91 0 191 8
a 25 60 0 47 9
a 28 48 0 191 5
a 28 81 0 15 2
a 29 77 0 191 10
a 29 42 0 47 8
a 30 3 0 191 9
a 30 56 0 17 4
a 31 62 0 191 6
a 31 43 0 27 8
a 32 57 0 191 4
a 32 70 0 12 1
a 32 63 0 33 5
a 32 12 0 27 9
a 36 89 0 191 2
a 36 62 0 26 3
a 41 78 0 191 4
a 41 85 0 23 10
a 41 33 0 2 7
a 42 64 0 191 4
a 42 90 0 9 2
a 42 26 0 43 3
a 46 61 0 191 5
a 46 81 0 22 9
a 46 35 0 30 9
a 48 21 0 191 9
a 48 86 0 29 2
a 52 18 0 191 3
a 52 63 0 22 5
a 52 22 0 23 7
a 54 81 0 191 9
a 54 40 0 6 3
a 55 86 0 191 2
a 55 48 0 5 7
a 55 66 0 11 7
a 55 5 0 32 9
a 57 63 0 191 5
a 57 24 0 1 2
a 57 61 0 44 2
a 58 99 0 191 2
a 58 69 0 15 1
a 58 23 0 14 1
a 61 36 0 191 6
a 61 37 0 28 9
a 62 4 0 191 7
a 62 87 0 30 6
a 62 74 0 12 9
a 63 10 0 191 8
a 63 21 0 30 9
a 64 84 0 191 1
a 64 29 0 42 3
a 64 43 0 47 8
a 65 100 0 191 2
a 65 6 0 191 10
a 65 11 0 50 7
a 65 86 0 22 1
a 67 93 0 191 1
a 67 11 0 43 2
a 67 52 0 26 3
a 69 28 0 191 10
a 69 56 0 46 4
a 72 65 0 191 8
a 72 40 0 44 6
a 72 29 0 8 10
a 73 41 0 191 6
a 73 4 0 41 7
a 73 12 0 24 1
a 74 76 0 191 2
a 74 40 0 43 3
a 76 31 0 191 2
a 76 41 0 50 1
a 77 74 0 191 5
a 77 87 0 11 3
a 78 79 0 191 10
a 78 80 0 33 5
a 78 16 0 46 8
a 79 80 0 191 5
a 79 19 0 30 8
a 79 58 0 13 3
a 80 72 0 191 10
a 80 35 0 36 10
a 80 4 0 43 8
a 81 85 0 191 10
a 81 46 0 19 9
a 82 54 0 191 5
a 82 89 0 34 9
a 82 3 0 47 6
a 84 87 0 191 5
a 84 57 0 23 7
a 85 30 0 191 8
a 85 83 0 16 1
a 85 13 0 20 1
a 86 52 0 191 1
a 86 20 0 25 2
a 86 95 0 12 8
a 87 55 0 191 1
a 87 32 0 15 8
a 88 46 0 191 7
a 88 7 0 5 8
a 89 14 0 191 9
a 89 96 0 38 4
a 89 67 0 33 8
a 91 88 0 191 3
a 91 74 0 49 8
a 91 4 0 1 5
a 92 32 0 191 2
a 92 49 0 1 2
a 92 17 0 9 4
a 93 98 0 191 9
a 93 20 0 22 2
a 95 96 0 191 6
a 95 85 0 41 1
a 95 33 0 26 10
a 96 13 0 191 2
a 96 39 0 10 8
a 96 27 0 15 3
a 98 58 0 191 9
a 98 83 0 29 6
a 98 13 0 39 7
a 2 60 0 59 6
a 2 64 0 27 3
a 5 12 0 59 10
a 5 67 0 2 10
a 7 15 0 59 4
a 7 40 0 48 2
a 8 34 0 59 1
a 8 87 0 9 8
a 8 77 0 38 4
a 9 47 0 59 4
a 9 73 0 19 5
a 9 77 0 43 8
a 11 9 0 59 5
a 11 100 0 59 9
a 11 57 0 22 1
a 11 91 0 32 3
a 12 22 0 59 5
a 12 82 0 40 5
a 15 16 0 59 6
a 15 65 0 29 3
a 15 28 0 16 6
a 16 94 0 59 7
a 16 97 0 7 7
a 17 51 0 59 6
a 17 48 0 18 9
a 19 53 0 59 5
a 19 48 0 27 8
a 19 42 0 40 2
a 20 27 0 59 6
a 20 51 0 10 2
a 20 64 0 24 9
a 22 68 0 59 2
a 22 95 0 49 7
a 23 19 0 59 1
a 23 16 0 17 8
a 24 35 0 59 4
a 24 91 0 14 1
a 24 93 0 7 4
a 26 49 0 59 7
a 26 48 0 33 9
a 26 29 0 48 8
a 27 71 0 59 5
a 27 36 0 45 9
a 27 100 0 44 1
a 33 43 0 59 10
a 33 15 0 15 6
a 34 5 0 59 10
a 34 82 0 13 6
a 34 51 0 1 10
a 35 17 0 59 5
a 35 63 0 7 4
a 37 23 0 59 4
a 37 48 0 39 3
a 38 20 0 59 9
a 38 92 0 23 2
a 38 69 0 7 2
a 39 40 0 59 6
a 39 33 0 37 4
a 40 44 0 59 3
a 40 26 0 36 10
a 40 54 0 36 9
a 43 7 0 59 5
a 43 17 0 21 3
a 43 16 0 13 10
a 44 70 0 59 3
a 44 73 0 35 7
a 44 79 0 16 8
a 45 90 0 59 1
a 45 89 0 7 6
a 45 80 0 27 6
a 47 59 0 59 4
a 47 87 0 38 3
a 49 33 0 59 7
a 49 100 0 30 3
a 50 11 0 59 5
a 50 59 0 16 1
a 51 50 0 59 7
a 51 39 0 18 7
a 53 99 0 59 4
a 53 56 0 21 3
a 56 8 0 59 5
a 56 20 0 35 6
a 59 39 0 59 5
a 59 10 0 14 9
a 60 56 0 59 9
a 60 75 0 23 8
a 66 83 0 59 8
a 66 77 0 26 6
a 68 45 0 59 1
a 68 49 0 5 4
a 70 38 0 59 7
a 70 86 0 42 9
a 71 75 0 59 4
a 71 41 0 36 2
a 75 97 0 59 8
a 75 76 0 40 3
a 83 24 0 59 3
a 83 21 0 28 7
a 90 66 0 59 5
a 90 58 0 35 7
a 94 37 0 59 3
a 94 68 0 12 5
a 97 26 0 59 3
a 97 13 0 18 4
