c PyNETGEN v1.0.0
c $ pip install pynetgen
c
c  NETGEN flow network generation algorithm
c  Problem input parameters
c  -------------------------------------
c   Random seed:          53
c   Number of nodes:      100
c   Source nodes:         2
c   Sink nodes:           2
c   Number of arcs:       251
c   Minimum arc cost:     1
c   Maximum arc cost:     10
c   Total supply:         250
c   Transshipment -
c     Sources:            0
c     Sinks:              0
c   Skeleton arcs -
c     With max cost:      0
c     Capacitated:        100
c   Minimum arc capacity: 1
c   Maximum arc capacity: 50
c
c  *** Minimum cost flow ***
c
p min 100 251
n 1 32
n 2 218
n 99 -124
n 100 -126
a 1 86 0 32 9
a 1 60 0 11 9
a 3 70 0 32 2
a 3 73 0 50 1
a 4 33 0 32 7
a 4 28 0 47 1
a 10 64 0 32 2
a 10 80 0 43 4
a 10 23 0 43 5
a 13 96 0 32 7
a 13 44 0 5 3
a 13 93 0 46 5
a 13 55 0 7 6
a 14 97 0 32 1
a 14 12 0 8 1
a 14 87 0 50 10
a 14 96 0 25 5
a 15 72 0 32 1
a 15 53 0 8 8
a 15 46 0 28 2
a 15 40 0 2 2
a 16 42 0 32 5
a 16 9 0 28 9
a 16 69 0 38 5
a 16 71 0 35 9
a 20 95 0 32 3
a 20 84 0 2 4
a 20 10 0 24 5
a 21 16 0 32 3
a 21 90 0 46 4
a 23 35 0 32 2
a 23 97 0 1 7
a 23 52 0 17 3
a 24 3 0 32 3
a 24 57 0 16 9
a 24 42 0 7 2
a 25 98 0 32 8
a 25 23 0 24 5
a 26 62 0 32 6
a 26 63 0 47 4
a 26 95 0 36 1
a 28 75 0 32 6
a 28 77 0 10 8
a 28 65 0 17 2
a 32 74 0 32 8
a 32 9 0 7 7
a 33 79 0 32 10
a 33 15 0 3 1
a 35 10 0 32 7
a 35 25 0 23 6
a 37 69 0 32 1
a 37 38 0 19 6
a 37 14 0 22 7
a 37 99 0 44 2
a 38 92 0 32 4
a 38 48 0 28 2
a 40 14 0 32 9
a 40 64 0 13 4
a 42 60 0 32 4
a 42 18 0 19 2
a 42 44 0 23 2
a 43 63 0 32 1
a 43 84 0 7 6
a 43 40 0 50 5
a 46 65 0 32 9
a 46 15 0 1 9
a 46 74 0 22 4
a 47 24 0 32 3
a 47 75 0 11 5
a 47 87 0 40 6
a 49 100 0 32 2
a 49 80 0 39 3
a 52 15 0 32 1
a 52 13 0 23 6
a 57 90 0 32 6
a 57 100 0 17 7
a 60 37 0 32 4
a 60 72 0 49 3
a 60 18 0 17 1
a 62 47 0 32 3
a 62 81 0 42 6
a 63 52 0 32 9
a 63 48 0 18 6
a 64 28 0 32 9
a 64 99 0 32 8
a 64 56 0 1 3
a 64 81 0 7 1
a 65 23 0 32 1
a 65 63 0 6 7
a 65 100 0 38 1
a 69 13 0 32 6
a 69 23 0 47 8
a 70 20 0 32 4
a 70 86 0 25 7
a 70 5 0 49 5
a 72 78 0 32 1
a 72 48 0 6 7
a 72 74 0 17 7
a 74 89 0 32 6
a 74 93 0 33 10
a 74 88 0 23 4
a 75 84 0 32 6
a 75 90 0 33 6
a 78 4 0 32 1
a 78 59 0 38 9
a 79 91 0 32 3
a 79 22 0 15 7
a 84 49 0 32 8
a 84 5 0 44 2
a 86 43 0 32 7
a 86 25 0 25 1
a 86 49 0 12 5
a 89 25 0 32 3
a 89 84 0 2 4
a 89 51 0 24 5
a 90 40 0 32 10
a 90 46 0 7 2
a 90 66 0 1 9
a 91 57 0 32 7
a 91 52 0 18 5
a 92 21 0 32 7
a 92 3 0 16 9
a 94 26 0 32 1
a 94 100 0 25 10
a 94 89 0 24 9
a 95 46 0 32 10
a 95 12 0 26 8
a 96 32 0 32 6
a 96 83 0 2 4
a 96 33 0 12 7
a 97 38 0 32 7
a 97 77 0 45 3
a 97 66 0 8 9
a 98 94 0 32 9
a 98 33 0 46 6
a 2 6 0 218 8
a 2 15 0 24 9
a 5 39 0 218 2
a 5 3 0 17 6
a 5 17 0 11 7
a 6 88 0 218 5
a 6 71 0 14 8
a 7 81 0 218 2
a 7 31 0 35 6
a 8 71 0 218 4
a 8 80 0 4 7
a 8 49 0 7 7
a 9 55 0 218 3
a 9 70 0 42 4
a 9 68 0 38 4
a 11 66 0 218 2
a 11 92 0 12 3
a 11 72 0 36 2
a 12 5 0 218 2
a 12 84 0 41 6
a 12 24 0 47 8
a 17 29 0 218 7
a 17 8 0 14 4
a 17 90 0 6 4
a 18 67 0 218 2
a 18 44 0 39 8
a 19 76 0 218 5
a 19 97 0 11 7
a 22 56 0 218 7
a 22 77 0 34 4
a 22 83 0 39 5
a 27 34 0 218 1
a 27 69 0 21 9
a 27 97 0 41 2
a 29 9 0 218 5
a 29 28 0 24 8
a 30 85 0 218 6
a 30 81 0 27 1
a 30 83 0 35 9
a 31 82 0 218 1
a 31 74 0 26 8
a 31 90 0 9 5
a 34 45 0 218 6
a 34 24 0 38 4
a 34 70 0 23 7
a 36 93 0 218 4
a 36 65 0 9 6
a 36 4 0 9 4
a 39 73 0 218 8
a 39 79 0 18 1
a 39 95 0 27 2
a 41 51 0 218 4
a 41 25 0 7 6
a 44 87 0 218 8
a 44 75 0 2 4
a 45 19 0 218 6
a 45 62 0 23 10
a 48 41 0 218 9
a 48 82 0 13 5
a 50 12 0 218 9
a 50 5 0 42 10
a 51 11 0 218 2
a 51 37 0 20 1
a 53 50 0 218 3
a 53 34 0 19 7
a 54 18 0 218 1
a 54 70 0 14 5
a 54 17 0 30 8
a 55 53 0 218 3
a 55 81 0 16 4
a 56 68 0 218 2
a 56 98 0 7 1
a 56 17 0 4 9
a 58 59 0 218 10
a 58 63 0 35 8
a 58 36 0 41 9
a 59 8 0 218 3
a 59 88 0 8 7
a 61 7 0 218 10
a 61 42 0 26 2
a 66 31 0 218 9
a 66 99 0 22 9
a 67 58 0 218 4
a 67 88 0 30 2
a 68 27 0 218 10
a 68 10 0 23 2
a 68 100 0 6 9
a 71 61 0 218 2
a 71 14 0 3 2
a 71 60 0 46 1
a 73 83 0 218 5
a 73 57 0 4 7
a 76 80 0 218 8
a 76 98 0 49 2
a 77 100 0 218 3
a 77 3 0 45 3
a 80 30 0 218 6
a 80 40 0 17 3
a 80 96 0 5 5
a 81 36 0 218 9
a 81 70 0 21 7
a 81 66 0 16 10
a 82 77 0 218 1
a 82 26 0 2 9
a 82 29 0 19 5
a 83 48 0 218 4
a 83 8 0 42 1
a 85 44 0 218 10
a 85 29 0 6 2
a 85 99 0 48 2
a 87 54 0 218 1
a 87 99 0 218 7
a 88 22 0 218 10
a 88 81 0 33 3
a 93 17 0 218 9
a 93 36 0 25 4
