c PyNETGEN v1.0.0
c $ pip install pynetgen
c
c  NETGEN flow network generation algorithm
c  Problem input parameters
c  -------------------------------------
c   Random seed:          73
c   Number of nodes:      100
c   Source nodes:         2
c   Sink nodes:           2
c   Number of arcs:       251
c   Minimum arc cost:     1
c   Maximum arc cost:     10
c   Total supply:         250
c   Transshipment -
c     Sources:            0
c     Sinks:              0
c   Skeleton arcs -
c     With max cost:      0
c     Capacitated:        100
c   Minimum arc capacity: 1
c   Maximum arc capacity: 50
c
c  *** Minimum cost flow ***
c
p min 100 251
n 1 125
n 2 125
n 99 -87
n 100 -163
a 1 26 0 125 6
a 1 76 0 12 5
a 3 42 0 125 1
a 3 74 0 34 3
a 3 70 0 4 3
a 3 92 0 26 5
a 6 48 0 125 8
a 6 12 0 1 1
a 6 20 0 34 2
a 6 85 0 6 4
a 9 17 0 125 5
a 9 95 0 41 2
a 9 73 0 14 7
a 9 80 0 31 6
a 15 6 0 125 1
a 15 33 0 46 1
a 15 52 0 16 10
a 16 15 0 125 6
a 16 20 0 35 1
a 16 5 0 47 1
a 16 29 0 46 3
a 17 81 0 125 2
a 17 26 0 9 9
a 17 15 0 18 3
a 21 52 0 125 5
a 21 76 0 13 5
a 21 10 0 43 8
a 22 100 0 125 6
a 22 42 0 26 6
a 22 31 0 38 6
a 23 93 0 125 9
a 23 7 0 23 2
a 24 38 0 125 1
a 24 43 0 35 5
a 26 33 0 125 2
a 26 16 0 38 1
a 32 82 0 125 3
a 32 65 0 16 3
a 33 80 0 125 5
a 33 97 0 9 5
a 34 55 0 125 1
a 34 90 0 17 2
a 34 4 0 50 9
a 36 3 0 125 9
a 36 54 0 26 8
a 38 84 0 125 2
a 38 69 0 37 5
a 42 99 0 125 4
a 42 94 0 125 8
a 42 56 0 29 10
a 44 63 0 125 1
a 44 5 0 13 9
a 44 54 0 31 5
a 48 62 0 125 10
a 48 61 0 43 9
a 48 5 0 3 10
a 52 88 0 125 9
a 52 49 0 34 9
a 52 26 0 20 2
a 54 57 0 125 4
a 54 11 0 6 1
a 55 54 0 125 9
a 55 56 0 35 1
a 57 22 0 125 2
a 57 17 0 28 7
a 57 51 0 46 1
a 62 68 0 125 3
a 62 58 0 17 5
a 63 92 0 125 7
a 63 84 0 11 5
a 63 94 0 46 1
a 66 36 0 125 7
a 66 29 0 6 2
a 66 34 0 19 2
a 67 34 0 125 5
a 67 36 0 36 3
a 67 23 0 47 8
a 68 44 0 125 1
a 68 17 0 39 2
a 68 39 0 18 1
a 70 96 0 125 1
a 70 15 0 3 5
a 70 44 0 30 2
a 73 87 0 125 6
a 73 17 0 16 3
a 73 36 0 49 3
a 74 24 0 125 6
a 74 49 0 46 8
a 74 12 0 50 2
a 80 21 0 125 10
a 80 44 0 15 2
a 80 82 0 36 2
a 81 23 0 125 6
a 81 50 0 25 5
a 81 60 0 9 5
a 82 67 0 125 6
a 82 3 0 33 4
a 82 63 0 46 10
a 84 85 0 125 2
a 84 88 0 41 5
a 85 16 0 125 8
a 85 28 0 13 1
a 87 9 0 125 10
a 87 20 0 25 6
a 87 85 0 10 7
a 88 74 0 125 7
a 88 28 0 46 10
a 88 76 0 46 6
a 92 66 0 125 3
a 92 84 0 23 8
a 93 97 0 125 1
a 93 23 0 42 6
a 93 9 0 4 6
a 94 73 0 125 5
a 94 45 0 34 9
a 96 32 0 125 6
a 96 48 0 5 4
a 96 20 0 23 3
a 97 70 0 125 7
a 97 53 0 31 10
a 97 33 0 28 5
a 2 65 0 125 4
a 2 79 0 32 2
a 2 63 0 27 5
a 4 41 0 125 7
a 4 16 0 46 9
a 5 58 0 125 4
a 5 76 0 14 6
a 5 19 0 26 3
a 7 75 0 125 8
a 7 53 0 33 4
a 8 71 0 125 3
a 8 11 0 14 3
a 10 91 0 125 2
a 10 90 0 50 7
a 10 64 0 7 5
a 11 61 0 125 3
a 11 52 0 19 1
a 12 4 0 125 10
a 12 75 0 44 2
a 13 8 0 125 8
a 13 96 0 32 8
a 14 18 0 125 4
a 14 50 0 47 6
a 18 100 0 125 2
a 18 85 0 49 4
a 18 60 0 44 6
a 19 53 0 125 5
a 19 31 0 41 4
a 20 72 0 125 9
a 20 71 0 38 6
a 20 7 0 8 8
a 25 64 0 125 7
a 25 78 0 23 4
a 25 92 0 3 2
a 27 45 0 125 4
a 27 21 0 6 5
a 28 14 0 125 5
a 28 56 0 15 2
a 28 3 0 26 6
a 29 10 0 125 8
a 29 95 0 48 2
a 30 5 0 125 4
a 30 70 0 44 8
a 31 27 0 125 8
a 31 48 0 41 9
a 35 50 0 125 5
a 35 87 0 5 5
a 37 7 0 125 9
a 37 55 0 29 7
a 37 86 0 15 9
a 39 76 0 125 9
a 39 42 0 42 5
a 40 39 0 125 4
a 40 11 0 16 3
a 41 29 0 125 6
a 41 92 0 6 3
a 43 19 0 125 9
a 43 66 0 5 2
a 45 83 0 125 5
a 45 60 0 7 1
a 45 10 0 45 3
a 46 60 0 125 9
a 46 17 0 26 5
a 46 64 0 28 10
a 47 20 0 125 5
a 47 52 0 5 7
a 49 90 0 125 6
a 49 4 0 24 7
a 50 37 0 125 2
a 50 78 0 34 8
a 51 12 0 125 10
a 51 50 0 18 9
a 51 88 0 11 9
a 53 35 0 125 1
a 53 33 0 26 3
a 53 81 0 5 3
a 56 25 0 125 8
a 56 71 0 29 6
a 58 69 0 125 3
a 58 37 0 7 7
a 59 79 0 125 10
a 59 74 0 2 5
a 59 43 0 25 4
a 60 86 0 125 8
a 60 13 0 24 3
a 60 68 0 20 10
a 61 98 0 125 1
a 61 70 0 6 8
a 61 59 0 26 1
a 64 43 0 125 5
a 64 51 0 29 2
a 64 75 0 50 6
a 65 99 0 125 6
a 65 13 0 125 6
a 65 75 0 10 1
a 69 51 0 125 7
a 69 38 0 32 3
a 71 31 0 125 10
a 71 11 0 29 4
a 71 84 0 21 5
a 72 49 0 125 6
a 72 95 0 11 7
a 72 35 0 2 10
a 75 59 0 125 1
a 75 3 0 20 5
a 75 55 0 18 3
a 76 89 0 125 8
a 76 14 0 46 8
a 76 43 0 22 1
a 77 46 0 125 6
a 77 37 0 41 2
a 77 55 0 44 9
a 78 56 0 125 2
a 78 29 0 5 1
a 79 30 0 125 6
a 79 74 0 20 4
a 83 77 0 125 1
a 83 94 0 14 7
a 86 95 0 125 10
a 86 13 0 30 8
a 89 78 0 125 4
a 89 52 0 29 1
a 90 28 0 125 6
a 90 6 0 34 10
a 91 11 0 125 3
a 91 76 0 21 6
a 95 40 0 125 2
a 95 89 0 1 7
a 98 47 0 125 10
a 98 61 0 5 1
