c PyNETGEN v1.0.0
c $ pip install pynetgen
c
c  NETGEN flow network generation algorithm
c  Problem input parameters
c  -------------------------------------
c   Random seed:          62
c   Number of nodes:      100
c   Source nodes:         2
c   Sink nodes:           2
c   Number of arcs:       251
c   Minimum arc cost:     1
c   Maximum arc cost:     10
c   Total supply:         250
c   Transshipment -
c     Sources:            0
c     Sinks:              0
c   Skeleton arcs -
c     With max cost:      0
c     Capacitated:        100
c   Minimum arc capacity: 1
c   Maximum arc capacity: 50
c
c  *** Minimum cost flow ***
c
p min 100 251
n 1 235
n 2 15
n 99 -105
n 100 -145
a 1 96 0 235 9
a 1 92 0 6 4
a 3 86 0 235 5
a 3 61 0 29 7
a 3 58 0 19 3
a 3 20 0 37 1
a 4 11 0 235 1
a 4 72 0 21 9
a 4 13 0 15 10
a 5 46 0 235 9
a 5 21 0 16 10
a 6 53 0 235 9
a 6 75 0 30 8
a 10 79 0 235 10
a 10 97 0 42 10
a 10 9 0 42 7
a 10 89 0 4 5
a 11 3 0 235 8
a 11 13 0 25 5
a 11 77 0 12 9
a 11 74 0 24 6
a 13 15 0 235 2
a 13 84 0 24 2
a 13 10 0 45 3
a 13 18 0 46 4
a 15 37 0 235 9
a 15 35 0 20 4
a 15 16 0 9 2
a 17 35 0 235 4
a 17 98 0 38 10
a 17 64 0 32 5
a 19 20 0 235 5
a 19 3 0 29 2
a 19 29 0 32 5
a 20 48 0 235 1
a 20 37 0 12 6
a 22 78 0 235 7
a 22 6 0 40 10
a 23 57 0 235 4
a 23 55 0 33 8
a 23 82 0 2 3
a 26 5 0 235 7
a 26 18 0 27 8
a 26 69 0 32 10
a 28 85 0 235 4
a 28 38 0 17 3
a 29 72 0 235 4
a 29 74 0 47 10
a 30 69 0 235 4
a 30 9 0 35 7
a 30 16 0 3 2
a 35 70 0 235 2
a 35 84 0 48 7
a 35 100 0 6 4
a 37 100 0 235 3
a 37 90 0 235 3
a 37 95 0 24 4
a 37 30 0 42 7
a 43 28 0 235 6
a 43 51 0 23 1
a 43 99 0 9 1
a 44 91 0 235 3
a 44 39 0 48 7
a 46 97 0 235 9
a 46 73 0 50 7
a 47 84 0 235 4
a 47 85 0 11 2
a 48 17 0 235 10
a 48 95 0 34 7
a 49 50 0 235 8
a 49 24 0 42 9
a 49 26 0 44 6
a 50 73 0 235 10
a 50 31 0 32 3
a 50 16 0 22 9
a 53 19 0 235 7
a 53 88 0 44 3
a 53 16 0 3 2
a 55 76 0 235 8
a 55 50 0 9 1
a 55 25 0 37 4
a 56 29 0 235 5
a 56 83 0 3 10
a 56 44 0 29 4
a 57 49 0 235 10
a 57 10 0 12 7
a 57 11 0 19 9
a 69 6 0 235 8
a 69 66 0 12 2
a 70 10 0 235 3
a 70 67 0 4 8
a 72 55 0 235 5
a 72 80 0 29 5
a 73 98 0 235 9
a 73 15 0 11 3
a 73 5 0 21 3
a 76 13 0 235 7
a 76 4 0 14 7
a 76 89 0 9 9
a 77 23 0 235 5
a 77 88 0 50 8
a 78 43 0 235 4
a 78 37 0 25 1
a 78 59 0 25 10
a 79 56 0 235 6
a 79 83 0 28 2
a 79 96 0 36 2
a 83 93 0 235 2
a 83 47 0 26 9
a 84 94 0 235 5
a 84 53 0 24 4
a 84 51 0 14 4
a 85 83 0 235 5
a 85 68 0 37 4
a 85 100 0 15 10
a 86 99 0 235 4
a 86 12 0 17 3
a 86 17 0 49 8
a 90 22 0 235 3
a 90 70 0 10 7
a 90 10 0 31 7
a 91 4 0 235 4
a 91 41 0 40 8
a 91 89 0 18 6
a 93 77 0 235 7
a 93 8 0 11 9
a 93 31 0 48 7
a 94 26 0 235 2
a 94 69 0 8 10
a 96 47 0 235 8
a 96 32 0 5 6
a 96 16 0 13 3
a 97 30 0 235 10
a 97 64 0 6 4
a 98 44 0 235 6
a 98 97 0 7 9
a 2 52 0 15 6
a 2 8 0 50 6
a 7 25 0 15 6
a 7 69 0 35 6
a 7 74 0 31 2
a 8 62 0 15 4
a 8 50 0 32 4
a 8 29 0 25 4
a 9 67 0 15 6
a 9 30 0 11 8
a 9 49 0 20 9
a 12 95 0 15 7
a 12 6 0 27 3
a 14 68 0 15 8
a 14 67 0 44 6
a 14 79 0 3 10
a 16 32 0 15 8
a 16 47 0 11 4
a 18 89 0 15 7
a 18 32 0 13 7
a 18 14 0 46 8
a 21 54 0 15 2
a 21 69 0 33 8
a 24 63 0 15 6
a 24 82 0 25 4
a 24 70 0 49 10
a 25 9 0 15 7
a 25 10 0 41 7
a 27 100 0 15 3
a 27 81 0 15 5
a 27 96 0 25 1
a 31 51 0 15 8
a 31 96 0 5 5
a 31 84 0 4 8
a 32 88 0 15 8
a 32 24 0 50 5
a 32 84 0 28 3
a 33 7 0 15 1
a 33 8 0 38 4
a 34 38 0 15 1
a 34 6 0 26 6
a 36 14 0 15 3
a 36 16 0 3 4
a 38 71 0 15 1
a 38 63 0 40 9
a 39 42 0 15 10
a 39 31 0 44 2
a 39 75 0 19 3
a 40 66 0 15 7
a 40 98 0 44 8
a 40 78 0 9 9
a 41 12 0 15 5
a 41 49 0 17 8
a 41 75 0 48 7
a 42 40 0 15 1
a 42 6 0 46 5
a 42 78 0 11 6
a 45 80 0 15 1
a 45 44 0 18 9
a 45 79 0 13 6
a 51 92 0 15 3
a 51 6 0 5 1
a 51 24 0 28 5
a 52 87 0 15 3
a 52 18 0 18 7
a 54 60 0 15 5
a 54 55 0 41 9
a 58 61 0 15 10
a 58 90 0 44 7
a 59 31 0 15 8
a 59 22 0 46 8
a 60 18 0 15 4
a 60 15 0 22 6
a 60 64 0 8 3
a 61 24 0 15 5
a 61 47 0 27 5
a 61 41 0 13 5
a 62 41 0 15 10
a 62 6 0 47 1
a 63 75 0 15 7
a 63 7 0 8 9
a 63 58 0 17 6
a 64 82 0 15 7
a 64 14 0 6 8
a 64 25 0 23 3
a 65 45 0 15 6
a 65 62 0 8 5
a 66 36 0 15 4
a 66 74 0 36 8
a 67 64 0 15 10
a 67 86 0 3 5
a 68 33 0 15 5
a 68 9 0 16 6
a 71 39 0 15 1
a 71 14 0 40 9
a 74 59 0 15 2
a 74 26 0 45 1
a 75 99 0 15 8
a 75 92 0 4 6
a 80 21 0 15 2
a 80 65 0 20 6
a 81 74 0 15 1
a 81 14 0 2 5
a 82 8 0 15 3
a 82 11 0 19 6
a 87 16 0 15 10
a 87 69 0 44 6
a 88 34 0 15 2
a 88 4 0 9 5
a 89 27 0 15 8
a 89 78 0 16 7
a 92 58 0 15 4
a 92 61 0 21 1
a 95 65 0 15 1
a 95 56 0 11 4
