c PyNETGEN v1.0.0
c $ pip install pynetgen
c
c  NETGEN flow network generation algorithm
c  Problem input parameters
c  -------------------------------------
c   Random seed:          46
c   Number of nodes:      100
c   Source nodes:         2
c   Sink nodes:           2
c   Number of arcs:       251
c   Minimum arc cost:     1
c   Maximum arc cost:     10
c   Total supply:         250
c   Transshipment -
c     Sources:            0
c     Sinks:              0
c   Skeleton arcs -
c     With max cost:      0
c     Capacitated:        100
c   Minimum arc capacity: 1
c   Maximum arc capacity: 50
c
c  *** Minimum cost flow ***
c
p min 100 251
n 1 125
n 2 125
n 99 -85
n 100 -165
a 1 61 0 125 6
a 1 10 0 27 3
a 1 58 0 15 5
a 1 27 0 50 8
a 3 36 0 125 8
a 3 19 0 15 5
a 3 51 0 34 9
a 3 30 0 17 3
a 4 26 0 125 4
a 4 19 0 10 4
a 7 89 0 125 8
a 7 65 0 3 8
a 8 68 0 125 5
a 8 76 0 14 6
a 8 69 0 9 8
a 8 54 0 17 3
a 10 90 0 125 10
a 10 40 0 9 1
a 10 60 0 34 3
a 11 38 0 125 5
a 11 86 0 30 1
a 11 100 0 41 10
a 11 95 0 21 4
a 12 73 0 125 4
a 12 30 0 32 10
a 12 82 0 25 9
a 15 7 0 125 9
a 15 46 0 4 9
a 15 45 0 27 10
a 16 17 0 125 2
a 16 86 0 12 10
a 16 97 0 38 2
a 17 75 0 125 8
a 17 60 0 9 8
a 24 33 0 125 7
a 24 27 0 29 6
a 26 46 0 125 3
a 26 19 0 27 5
a 27 16 0 125 1
a 27 87 0 1 3
a 27 52 0 36 1
a 30 37 0 125 4
a 30 97 0 5 2
a 33 67 0 125 8
a 33 25 0 11 4
a 34 76 0 125 8
a 34 77 0 32 2
a 34 59 0 42 6
a 36 100 0 125 10
a 36 47 0 14 6
a 36 57 0 18 5
a 37 97 0 125 10
a 37 88 0 7 3
a 38 39 0 125 9
a 38 56 0 49 7
a 38 48 0 2 9
a 39 57 0 125 10
a 39 7 0 33 5
a 40 42 0 125 9
a 40 14 0 47 8
a 42 84 0 125 7
a 42 82 0 29 4
a 42 37 0 24 2
a 44 96 0 125 5
a 44 15 0 30 2
a 46 63 0 125 1
a 46 16 0 47 1
a 53 10 0 125 6
a 53 63 0 30 6
a 53 33 0 48 1
a 53 52 0 40 2
a 54 81 0 125 1
a 54 57 0 22 7
a 57 59 0 125 2
a 57 86 0 37 5
a 59 3 0 125 2
a 59 41 0 37 5
a 59 98 0 22 10
a 61 4 0 125 4
a 61 53 0 3 3
a 62 24 0 125 2
a 62 60 0 22 2
a 62 70 0 22 1
a 62 57 0 34 4
a 63 12 0 125 3
a 63 3 0 25 5
a 63 66 0 33 6
a 67 77 0 125 4
a 67 91 0 17 7
a 68 34 0 125 9
a 68 38 0 34 8
a 68 89 0 33 9
a 69 71 0 125 9
a 69 83 0 38 6
a 71 15 0 125 8
a 71 54 0 16 6
a 71 80 0 9 4
a 73 44 0 125 3
a 73 32 0 1 3
a 73 93 0 3 7
a 74 91 0 125 7
a 74 60 0 28 5
a 75 54 0 125 9
a 75 18 0 20 4
a 75 39 0 23 3
a 76 74 0 125 2
a 76 95 0 48 8
a 77 79 0 125 7
a 77 55 0 18 3
a 79 86 0 125 5
a 79 26 0 9 6
a 79 63 0 2 7
a 81 62 0 125 1
a 81 55 0 50 10
a 81 28 0 11 7
a 84 8 0 125 5
a 84 42 0 17 4
a 86 88 0 125 9
a 86 74 0 35 10
a 86 22 0 17 4
a 88 11 0 125 3
a 88 94 0 50 5
a 89 53 0 125 3
a 89 55 0 38 3
a 90 30 0 125 1
a 90 35 0 46 2
a 91 27 0 125 10
a 91 99 0 125 8
a 91 25 0 16 2
a 91 79 0 17 3
a 96 69 0 125 9
a 96 65 0 11 8
a 97 40 0 125 10
a 97 63 0 49 3
a 2 23 0 125 1
a 2 5 0 15 9
a 5 52 0 125 7
a 5 16 0 5 3
a 6 32 0 125 10
a 6 28 0 28 4
a 9 28 0 125 10
a 9 67 0 32 2
a 9 93 0 13 9
a 13 21 0 125 3
a 13 95 0 29 7
a 14 64 0 125 5
a 14 27 0 11 10
a 14 26 0 43 3
a 14 51 0 36 7
a 18 45 0 125 2
a 18 19 0 42 8
a 19 5 0 125 5
a 19 59 0 38 2
a 19 6 0 46 9
a 20 51 0 125 8
a 20 15 0 43 9
a 20 17 0 16 1
a 21 85 0 125 8
a 21 45 0 34 3
a 22 41 0 125 4
a 22 84 0 24 3
a 23 14 0 125 9
a 23 37 0 23 4
a 23 76 0 8 2
a 25 13 0 125 1
a 25 16 0 18 3
a 25 72 0 15 9
a 28 80 0 125 6
a 28 69 0 14 7
a 29 9 0 125 10
a 29 69 0 18 6
a 31 82 0 125 6
a 31 49 0 11 2
a 32 55 0 125 6
a 32 89 0 47 6
a 32 69 0 17 7
a 35 25 0 125 9
a 35 65 0 16 7
a 35 100 0 21 7
a 41 70 0 125 2
a 41 33 0 39 2
a 41 29 0 12 6
a 43 83 0 125 10
a 43 19 0 8 5
a 45 6 0 125 1
a 45 35 0 9 4
a 45 69 0 10 6
a 47 29 0 125 3
a 47 27 0 20 3
a 47 55 0 10 4
a 48 94 0 125 1
a 48 16 0 14 6
a 48 68 0 37 7
a 49 65 0 125 4
a 49 50 0 18 9
a 49 85 0 40 3
a 50 99 0 125 1
a 50 60 0 125 9
a 50 59 0 25 10
a 50 13 0 19 6
a 51 58 0 125 9
a 51 45 0 49 9
a 51 36 0 35 5
a 52 49 0 125 1
a 52 25 0 23 2
a 55 20 0 125 7
a 55 27 0 5 7
a 56 92 0 125 10
a 56 99 0 32 8
a 58 19 0 125 3
a 58 20 0 14 3
a 58 82 0 46 10
a 60 87 0 125 1
a 60 88 0 6 5
a 60 24 0 47 5
a 64 18 0 125 9
a 64 79 0 45 10
a 64 82 0 2 7
a 65 35 0 125 7
a 65 73 0 33 10
a 66 93 0 125 2
a 66 33 0 24 10
a 66 62 0 27 5
a 70 78 0 125 8
a 70 54 0 26 5
a 70 28 0 27 1
a 72 43 0 125 3
a 72 14 0 3 8
a 72 98 0 24 7
a 78 50 0 125 9
a 78 75 0 32 2
a 80 48 0 125 8
a 80 89 0 6 4
a 82 56 0 125 1
a 82 71 0 43 7
a 83 31 0 125 7
a 83 9 0 43 3
a 85 72 0 125 3
a 85 87 0 30 1
a 87 95 0 125 10
a 87 22 0 50 9
a 92 98 0 125 3
a 92 80 0 23 10
a 93 22 0 125 6
a 93 44 0 44 2
a 94 66 0 125 1
a 94 65 0 24 9
a 95 100 0 125 10
a 95 59 0 17 9
a 98 47 0 125 5
a 98 83 0 1 9
