c PyNETGEN v1.0.0
c $ pip install pynetgen
c
c  NETGEN flow network generation algorithm
c  Problem input parameters
c  -------------------------------------
c   Random seed:          80
c   Number of nodes:      100
c   Source nodes:         2
c   Sink nodes:           2
c   Number of arcs:       251
c   Minimum arc cost:     1
c   Maximum arc cost:     10
c   Total supply:         250
c   Transshipment -
c     Sources:            0
c     Sinks:              0
c   Skeleton arcs -
c     With max cost:      0
c     Capacitated:        100
c   Minimum arc capacity: 1
c   Maximum arc capacity: 50
c
c  *** Minimum cost flow ***
c
p min 100 251
n 1 229
n 2 21
n 99 -222
n 100 -28
a 1 20 0 229 2
a 1 30 0 46 1
a 1 55 0 48 3
a 3 76 0 229 4
a 3 38 0 3 4
a 4 60 0 229 1
a 4 59 0 36 8
a 4 54 0 27 9
a 4 88 0 3 3
a 5 89 0 229 3
a 5 40 0 32 1
a 5 44 0 31 9
a 5 78 0 26 6
a 6 52 0 229 5
a 6 8 0 7 4
a 10 16 0 229 9
a 10 99 0 229 5
a 10 9 0 29 8
a 10 27 0 14 2
a 14 56 0 229 8
a 14 9 0 50 8
a 15 62 0 229 4
a 15 100 0 6 6
a 15 88 0 6 2
a 16 43 0 229 9
a 16 49 0 28 1
a 20 3 0 229 5
a 20 86 0 43 9
a 20 89 0 49 2
a 20 97 0 41 2
a 21 15 0 229 4
a 21 32 0 44 6
a 21 62 0 7 10
a 21 7 0 11 6
a 26 5 0 229 6
a 26 52 0 13 9
a 28 6 0 229 1
a 28 93 0 11 6
a 30 95 0 229 1
a 30 54 0 12 5
a 30 49 0 18 4
a 31 34 0 229 2
a 31 93 0 17 5
a 33 44 0 229 3
a 33 12 0 37 3
a 33 77 0 43 1
a 34 4 0 229 6
a 34 100 0 19 8
a 40 33 0 229 3
a 40 29 0 16 9
a 40 86 0 19 4
a 43 53 0 229 5
a 43 48 0 32 10
a 44 100 0 229 4
a 44 38 0 30 4
a 44 86 0 42 6
a 52 82 0 229 4
a 52 76 0 3 9
a 53 26 0 229 6
a 53 97 0 31 8
a 56 21 0 229 7
a 56 64 0 31 9
a 56 11 0 50 4
a 59 10 0 229 1
a 59 12 0 37 6
a 60 14 0 229 3
a 60 28 0 27 2
a 60 52 0 17 2
a 61 40 0 229 5
a 61 28 0 37 7
a 62 96 0 229 9
a 62 13 0 35 10
a 63 92 0 229 7
a 63 58 0 18 3
a 63 24 0 28 2
a 65 59 0 229 8
a 65 79 0 19 5
a 66 90 0 229 1
a 66 4 0 44 8
a 66 39 0 19 4
a 66 81 0 49 8
a 69 63 0 229 3
a 69 37 0 3 1
a 69 94 0 2 7
a 76 28 0 229 4
a 76 23 0 34 8
a 82 87 0 229 3
a 82 53 0 22 6
a 83 65 0 229 8
a 83 5 0 20 8
a 83 4 0 7 8
a 86 66 0 229 8
a 86 85 0 12 8
a 86 93 0 4 4
a 87 30 0 229 5
a 87 78 0 8 9
a 87 100 0 6 2
a 89 86 0 229 8
a 89 63 0 25 2
a 90 97 0 229 9
a 90 81 0 1 9
a 90 33 0 3 5
a 92 61 0 229 9
a 92 38 0 40 2
a 95 31 0 229 2
a 95 29 0 28 8
a 96 83 0 229 1
a 96 55 0 50 8
a 97 69 0 229 10
a 97 99 0 31 10
a 2 48 0 21 9
a 2 70 0 10 7
a 7 19 0 21 4
a 7 4 0 42 6
a 8 37 0 21 1
a 8 18 0 45 3
a 8 42 0 15 6
a 8 53 0 47 1
a 9 72 0 21 9
a 9 14 0 17 5
a 11 75 0 21 8
a 11 47 0 4 2
a 11 93 0 36 10
a 12 8 0 21 6
a 12 97 0 42 5
a 12 76 0 24 3
a 13 46 0 21 10
a 13 10 0 6 10
a 17 85 0 21 4
a 17 53 0 49 10
a 17 50 0 1 2
a 18 27 0 21 3
a 18 71 0 29 10
a 19 67 0 21 4
a 19 97 0 46 4
a 19 30 0 30 2
a 22 7 0 21 10
a 22 66 0 26 7
a 22 81 0 37 3
a 23 54 0 21 7
a 23 77 0 3 2
a 23 12 0 14 4
a 24 42 0 21 6
a 24 43 0 49 7
a 25 23 0 21 7
a 25 63 0 25 10
a 27 94 0 21 10
a 27 85 0 15 4
a 29 11 0 21 7
a 29 95 0 25 7
a 32 18 0 21 8
a 32 61 0 35 4
a 32 67 0 42 10
a 35 55 0 21 9
a 35 66 0 49 8
a 36 35 0 21 8
a 36 69 0 7 3
a 37 84 0 21 1
a 37 86 0 37 3
a 38 45 0 21 4
a 38 27 0 50 6
a 38 67 0 4 5
a 38 66 0 9 4
a 39 12 0 21 6
a 39 18 0 11 2
a 39 30 0 12 1
a 41 70 0 21 1
a 41 10 0 40 2
a 42 81 0 21 6
a 42 65 0 44 1
a 45 78 0 21 1
a 45 75 0 49 4
a 45 63 0 8 4
a 45 83 0 23 7
a 46 49 0 21 10
a 46 58 0 15 9
a 47 71 0 21 3
a 47 96 0 49 2
a 48 88 0 21 2
a 48 67 0 16 2
a 49 51 0 21 9
a 49 98 0 45 3
a 49 63 0 8 6
a 50 100 0 21 6
a 50 16 0 35 4
a 50 88 0 40 1
a 51 74 0 21 9
a 51 30 0 20 5
a 51 76 0 35 1
a 54 22 0 21 4
a 54 90 0 29 8
a 54 55 0 9 1
a 55 79 0 21 10
a 55 50 0 40 10
a 57 98 0 21 2
a 57 53 0 28 3
a 57 38 0 46 9
a 58 93 0 21 10
a 58 64 0 32 8
a 64 13 0 21 6
a 64 56 0 12 8
a 67 24 0 21 5
a 67 5 0 27 5
a 67 22 0 16 2
a 68 50 0 21 2
a 68 87 0 47 5
a 68 11 0 47 10
a 70 80 0 21 6
a 70 57 0 38 10
a 70 99 0 9 7
a 71 57 0 21 3
a 71 22 0 32 1
a 71 15 0 16 10
a 72 68 0 21 8
a 72 8 0 28 10
a 72 83 0 43 1
a 73 99 0 21 7
a 73 39 0 21 8
a 73 62 0 48 7
a 74 47 0 21 2
a 74 100 0 47 6
a 74 48 0 14 3
a 75 91 0 21 5
a 75 62 0 19 5
a 75 43 0 45 2
a 77 29 0 21 3
a 77 6 0 1 1
a 78 17 0 21 7
a 78 30 0 17 10
a 79 77 0 21 4
a 79 22 0 35 4
a 80 32 0 21 4
a 80 84 0 37 2
a 81 9 0 21 5
a 81 75 0 12 10
a 84 41 0 21 9
a 84 21 0 39 10
a 84 4 0 44 10
a 85 25 0 21 8
a 85 12 0 13 4
a 88 64 0 21 7
a 88 59 0 45 10
a 91 58 0 21 7
a 91 51 0 34 8
a 93 73 0 21 7
a 93 94 0 36 4
a 93 5 0 14 7
a 94 38 0 21 2
a 94 36 0 27 4
a 98 36 0 21 1
a 98 63 0 45 5
