c PyNETGEN v1.0.0
c $ pip install pynetgen
c
c  NETGEN flow network generation algorithm
c  Problem input parameters
c  -------------------------------------
c   Random seed:          8
c   Number of nodes:      100
c   Source nodes:         2
c   Sink nodes:           2
c   Number of arcs:       251
c   Minimum arc cost:     1
c   Maximum arc cost:     10
c   Total supply:         250
c   Transshipment -
c     Sources:            0
c     Sinks:              0
c   Skeleton arcs -
c     With max cost:      0
c     Capacitated:        100
c   Minimum arc capacity: 1
c   Maximum arc capacity: 50
c
c  *** Minimum cost flow ***
c
p min 100 251
n 1 82
n 2 168
n 99 -99
n 100 -151
a 1 36 0 82 6
a 1 93 0 39 10
a 1 8 0 3 7
a 4 12 0 82 4
a 4 53 0 20 6
a 8 72 0 82 2
a 8 60 0 3 7
a 8 87 0 3 6
a 8 12 0 45 4
a 9 39 0 82 4
a 9 95 0 12 7
a 9 77 0 19 2
a 12 43 0 82 2
a 12 41 0 16 10
a 14 61 0 82 1
a 14 44 0 37 8
a 16 30 0 82 5
a 16 9 0 4 1
a 16 32 0 20 9
a 18 21 0 82 8
a 18 70 0 45 2
a 18 85 0 50 4
a 20 42 0 82 1
a 20 44 0 50 7
a 21 9 0 82 10
a 21 17 0 3 5
a 21 63 0 15 2
a 25 44 0 82 2
a 25 33 0 23 1
a 25 91 0 36 4
a 25 48 0 8 2
a 26 96 0 82 8
a 26 9 0 10 7
a 26 4 0 36 8
a 30 58 0 82 8
a 30 89 0 41 6
a 31 79 0 82 10
a 31 12 0 6 7
a 33 93 0 82 6
a 33 100 0 82 5
a 33 96 0 35 9
a 35 70 0 82 1
a 35 90 0 42 4
a 35 8 0 9 10
a 35 51 0 9 1
a 36 59 0 82 4
a 36 13 0 42 4
a 36 95 0 31 7
a 37 99 0 82 6
a 37 89 0 26 10
a 38 26 0 82 6
a 38 58 0 43 4
a 39 31 0 82 7
a 39 32 0 17 3
a 39 85 0 8 3
a 39 73 0 43 10
a 40 14 0 82 1
a 40 98 0 50 5
a 40 49 0 40 3
a 42 83 0 82 9
a 42 60 0 32 3
a 42 58 0 9 3
a 43 37 0 82 5
a 43 54 0 2 8
a 43 48 0 39 3
a 44 16 0 82 1
a 44 61 0 13 2
a 45 48 0 82 2
a 45 37 0 24 8
a 45 44 0 34 1
a 46 8 0 82 7
a 46 14 0 12 7
a 46 37 0 5 10
a 47 45 0 82 10
a 47 15 0 1 4
a 47 22 0 1 3
a 48 38 0 82 6
a 48 51 0 43 1
a 58 90 0 82 10
a 58 74 0 26 5
a 58 34 0 4 9
a 59 60 0 82 10
a 59 88 0 50 10
a 60 47 0 82 4
a 60 11 0 31 10
a 61 33 0 82 9
a 61 74 0 44 9
a 61 71 0 16 7
a 63 25 0 82 5
a 63 29 0 22 4
a 63 53 0 36 5
a 65 46 0 82 3
a 65 93 0 30 6
a 65 81 0 11 5
a 67 40 0 82 2
a 67 79 0 4 8
a 67 13 0 10 10
a 70 71 0 82 9
a 70 44 0 11 7
a 71 94 0 82 3
a 71 39 0 41 5
a 71 46 0 40 1
a 72 20 0 82 10
a 72 94 0 24 8
a 72 42 0 48 1
a 79 84 0 82 1
a 79 24 0 4 5
a 79 97 0 35 10
a 83 67 0 82 4
a 83 94 0 24 7
a 83 50 0 21 7
a 84 4 0 82 3
a 84 74 0 33 5
a 90 18 0 82 1
a 90 66 0 25 4
a 90 55 0 13 10
a 93 63 0 82 9
a 93 14 0 8 4
a 93 47 0 40 2
a 94 65 0 82 5
a 94 97 0 37 10
a 96 35 0 82 2
a 96 100 0 39 7
a 96 55 0 16 2
a 2 66 0 168 3
a 2 11 0 33 1
a 3 77 0 168 2
a 3 49 0 20 2
a 3 82 0 24 8
a 5 55 0 168 9
a 5 69 0 1 8
a 5 95 0 28 10
a 6 80 0 168 7
a 6 40 0 3 2
a 6 63 0 9 1
a 7 13 0 168 8
a 7 89 0 14 10
a 10 78 0 168 2
a 10 56 0 19 5
a 10 94 0 3 4
a 11 3 0 168 5
a 11 97 0 17 9
a 13 76 0 168 4
a 13 23 0 44 9
a 13 55 0 23 6
a 15 50 0 168 6
a 15 89 0 4 4
a 15 51 0 30 6
a 17 73 0 168 10
a 17 35 0 41 3
a 19 52 0 168 9
a 19 58 0 7 1
a 19 21 0 23 3
a 22 97 0 168 7
a 22 15 0 14 3
a 23 6 0 168 8
a 23 43 0 16 3
a 24 92 0 168 8
a 24 79 0 24 7
a 24 27 0 2 6
a 27 95 0 168 10
a 27 68 0 31 9
a 28 88 0 168 5
a 28 91 0 16 2
a 28 81 0 42 9
a 29 19 0 168 10
a 29 37 0 34 7
a 29 81 0 4 9
a 32 82 0 168 5
a 32 91 0 40 6
a 32 73 0 28 2
a 34 87 0 168 9
a 34 6 0 44 10
a 34 10 0 2 6
a 41 75 0 168 3
a 41 93 0 10 8
a 41 49 0 18 1
a 49 5 0 168 9
a 49 7 0 46 5
a 49 83 0 16 7
a 50 54 0 168 3
a 50 21 0 3 4
a 50 69 0 44 6
a 51 57 0 168 7
a 51 63 0 22 2
a 52 17 0 168 9
a 52 46 0 29 2
a 52 27 0 2 9
a 53 34 0 168 7
a 53 35 0 33 1
a 54 49 0 168 7
a 54 40 0 10 2
a 55 69 0 168 4
a 55 66 0 19 8
a 56 81 0 168 10
a 56 99 0 168 2
a 56 93 0 8 9
a 57 24 0 168 1
a 57 12 0 26 7
a 62 74 0 168 8
a 62 46 0 34 5
a 62 90 0 44 9
a 64 62 0 168 1
a 64 100 0 34 6
a 64 94 0 35 2
a 66 89 0 168 5
a 66 81 0 45 5
a 66 63 0 45 4
a 68 100 0 168 8
a 68 14 0 42 5
a 69 11 0 168 5
a 69 65 0 40 7
a 69 78 0 22 6
a 73 53 0 168 5
a 73 9 0 26 1
a 74 68 0 168 5
a 74 16 0 31 9
a 75 23 0 168 7
a 75 40 0 8 9
a 76 51 0 168 1
a 76 100 0 45 10
a 77 29 0 168 2
a 77 8 0 40 1
a 78 22 0 168 6
a 78 12 0 3 6
a 80 15 0 168 1
a 80 65 0 6 4
a 81 10 0 168 2
a 81 80 0 22 4
a 82 85 0 168 2
a 82 52 0 2 8
a 85 86 0 168 3
a 85 84 0 19 8
a 86 98 0 168 3
a 86 77 0 30 4
a 87 64 0 168 7
a 87 96 0 13 1
a 88 7 0 168 5
a 88 32 0 34 3
a 89 27 0 168 6
a 89 29 0 9 8
a 91 56 0 168 8
a 91 95 0 35 4
a 92 32 0 168 9
a 92 48 0 32 6
a 95 28 0 168 8
a 95 89 0 22 10
a 97 41 0 168 10
a 97 68 0 3 2
a 98 91 0 168 4
a 98 69 0 3 7
