c PyNETGEN v1.0.0
c $ pip install pynetgen
c
c  NETGEN flow network generation algorithm
c  Problem input parameters
c  -------------------------------------
c   Random seed:          68
c   Number of nodes:      100
c   Source nodes:         2
c   Sink nodes:           2
c   Number of arcs:       251
c   Minimum arc cost:     1
c   Maximum arc cost:     10
c   Total supply:         250
c   Transshipment -
c     Sources:            0
c     Sinks:              0
c   Skeleton arcs -
c     With max cost:      0
c     Capacitated:        100
c   Minimum arc capacity: 1
c   Maximum arc capacity: 50
c
c  *** Minimum cost flow ***
c
p min 100 251
n 1 125
n 2 125
n 99 -123
n 100 -127
a 1 17 0 125 10
a 1 7 0 36 1
a 4 62 0 125 7
a 4 97 0 13 10
a 5 11 0 125 8
a 5 93 0 43 3
a 5 92 0 5 3
a 6 44 0 125 4
a 6 31 0 12 2
a 8 19 0 125 7
a 8 50 0 39 7
a 8 35 0 4 6
a 9 83 0 125 10
a 9 66 0 26 1
a 9 72 0 47 7
a 11 59 0 125 2
a 11 70 0 44 3
a 12 82 0 125 9
a 12 60 0 4 1
a 12 65 0 18 7
a 12 53 0 21 1
a 13 5 0 125 1
a 13 47 0 38 5
a 13 6 0 34 1
a 13 46 0 20 5
a 17 97 0 125 3
a 17 24 0 32 7
a 17 52 0 48 1
a 18 4 0 125 1
a 18 28 0 15 3
a 18 87 0 49 3
a 19 69 0 125 4
a 19 24 0 35 8
a 19 52 0 12 5
a 19 25 0 42 2
a 21 100 0 125 1
a 21 95 0 125 6
a 21 7 0 26 2
a 21 63 0 36 6
a 22 53 0 125 3
a 22 12 0 36 4
a 22 24 0 36 1
a 26 6 0 125 9
a 26 55 0 28 5
a 26 25 0 22 8
a 27 92 0 125 2
a 27 33 0 13 1
a 27 48 0 46 6
a 29 57 0 125 6
a 29 94 0 27 4
a 30 12 0 125 10
a 30 24 0 4 4
a 30 75 0 50 1
a 31 33 0 125 10
a 31 60 0 43 1
a 32 75 0 125 6
a 32 95 0 34 5
a 32 29 0 28 10
a 33 34 0 125 6
a 33 88 0 9 10
a 33 69 0 44 4
a 34 30 0 125 9
a 34 31 0 31 5
a 34 45 0 33 5
a 37 29 0 125 10
a 37 4 0 28 1
a 37 18 0 31 4
a 39 54 0 125 9
a 39 7 0 41 2
a 39 59 0 11 2
a 41 94 0 125 2
a 41 29 0 42 3
a 44 73 0 125 8
a 44 40 0 45 3
a 44 85 0 25 1
a 49 96 0 125 2
a 49 19 0 17 7
a 49 11 0 8 6
a 53 79 0 125 2
a 53 22 0 27 10
a 54 37 0 125 3
a 54 94 0 40 1
a 54 27 0 3 6
a 57 21 0 125 1
a 57 12 0 9 8
a 58 18 0 125 7
a 58 22 0 27 4
a 58 88 0 48 9
a 59 31 0 125 4
a 59 14 0 12 9
a 59 29 0 6 9
a 60 41 0 125 7
a 60 49 0 42 6
a 61 22 0 125 4
a 61 89 0 19 6
a 62 13 0 125 9
a 62 96 0 38 4
a 62 66 0 13 6
a 63 26 0 125 2
a 63 66 0 3 3
a 63 4 0 16 5
a 65 9 0 125 8
a 65 36 0 1 4
a 65 67 0 29 5
a 66 81 0 125 7
a 66 42 0 27 3
a 67 98 0 125 3
a 67 54 0 49 10
a 67 15 0 14 5
a 69 67 0 125 8
a 69 85 0 42 9
a 71 80 0 125 3
a 71 59 0 13 9
a 73 60 0 125 7
a 73 68 0 8 2
a 75 39 0 125 1
a 75 56 0 4 5
a 75 82 0 30 2
a 76 32 0 125 7
a 76 70 0 41 6
a 78 27 0 125 7
a 78 56 0 44 4
a 78 61 0 45 4
a 79 8 0 125 10
a 79 96 0 30 3
a 79 86 0 47 8
a 80 61 0 125 6
a 80 29 0 26 3
a 80 74 0 12 7
a 81 58 0 125 6
a 81 42 0 48 3
a 81 76 0 24 2
a 82 49 0 125 6
a 82 57 0 13 8
a 83 78 0 125 7
a 83 27 0 46 2
a 92 63 0 125 4
a 92 19 0 28 7
a 94 66 0 125 4
a 94 5 0 43 3
a 94 44 0 35 4
a 95 99 0 125 9
a 95 82 0 4 1
a 96 71 0 125 5
a 96 4 0 20 4
a 97 65 0 125 3
a 97 57 0 44 2
a 98 76 0 125 1
a 98 51 0 9 7
a 2 50 0 125 7
a 2 92 0 33 5
a 3 72 0 125 8
a 3 99 0 125 7
a 3 15 0 12 7
a 3 93 0 45 10
a 7 90 0 125 7
a 7 84 0 48 3
a 7 80 0 44 4
a 10 68 0 125 3
a 10 44 0 42 4
a 14 38 0 125 1
a 14 30 0 17 4
a 14 34 0 28 10
a 15 70 0 125 10
a 15 36 0 31 8
a 15 48 0 35 9
a 16 51 0 125 3
a 16 44 0 31 9
a 16 92 0 43 2
a 20 86 0 125 4
a 20 63 0 26 4
a 23 35 0 125 7
a 23 29 0 17 9
a 23 33 0 11 5
a 24 91 0 125 7
a 24 37 0 40 7
a 25 15 0 125 1
a 25 53 0 8 4
a 25 35 0 39 10
a 28 74 0 125 9
a 28 80 0 50 8
a 28 68 0 46 1
a 35 16 0 125 6
a 35 96 0 40 4
a 35 10 0 45 9
a 36 46 0 125 4
a 36 66 0 33 9
a 38 45 0 125 8
a 38 79 0 16 5
a 38 97 0 18 6
a 40 84 0 125 2
a 40 85 0 14 4
a 42 47 0 125 2
a 42 44 0 7 10
a 42 53 0 39 9
a 43 85 0 125 6
a 43 34 0 24 1
a 43 55 0 44 2
a 45 48 0 125 4
a 45 58 0 49 1
a 46 20 0 125 5
a 46 71 0 15 10
a 47 100 0 125 6
a 47 33 0 39 2
a 48 64 0 125 3
a 48 69 0 5 7
a 50 56 0 125 8
a 50 62 0 24 5
a 51 93 0 125 9
a 51 68 0 16 5
a 51 76 0 32 8
a 52 3 0 125 1
a 52 44 0 31 2
a 55 10 0 125 3
a 55 62 0 15 10
a 56 7 0 125 5
a 56 83 0 46 5
a 56 99 0 26 1
a 64 52 0 125 3
a 64 67 0 29 2
a 64 84 0 31 3
a 68 87 0 125 1
a 68 82 0 27 9
a 68 76 0 47 9
a 70 24 0 125 9
a 70 3 0 20 10
a 72 23 0 125 10
a 72 81 0 29 7
a 74 40 0 125 4
a 74 99 0 21 9
a 74 44 0 4 5
a 77 89 0 125 6
a 77 55 0 10 7
a 84 43 0 125 6
a 84 42 0 42 4
a 85 55 0 125 2
a 85 94 0 43 2
a 86 77 0 125 10
a 86 84 0 4 8
a 87 88 0 125 1
a 87 95 0 25 6
a 88 36 0 125 5
a 88 49 0 46 10
a 89 42 0 125 4
a 89 79 0 44 2
a 90 14 0 125 4
a 90 62 0 31 7
a 91 28 0 125 9
a 91 85 0 24 1
a 93 25 0 125 10
a 93 91 0 39 10
