c PyNETGEN v1.0.0
c $ pip install pynetgen
c
c  NETGEN flow network generation algorithm
c  Problem input parameters
c  -------------------------------------
c   Random seed:          45
c   Number of nodes:      100
c   Source nodes:         2
c   Sink nodes:           2
c   Number of arcs:       251
c   Minimum arc cost:     1
c   Maximum arc cost:     10
c   Total supply:         250
c   Transshipment -
c     Sources:            0
c     Sinks:              0
c   Skeleton arcs -
c     With max cost:      0
c     Capacitated:        100
c   Minimum arc capacity: 1
c   Maximum arc capacity: 50
c
c  *** Minimum cost flow ***
c
p min 100 251
n 1 212
n 2 38
n 99 -141
n 100 -109
a 1 84 0 212 1
a 1 67 0 23 10
a 1 69 0 7 9
a 1 83 0 37 8
a 4 90 0 212 8
a 4 3 0 36 8
a 5 20 0 212 10
a 5 30 0 41 6
a 5 46 0 49 9
a 5 79 0 11 6
a 7 9 0 212 4
a 7 11 0 28 1
a 7 62 0 13 2
a 7 59 0 43 7
a 8 57 0 212 8
a 8 82 0 11 3
a 8 26 0 8 2
a 9 67 0 212 5
a 9 22 0 36 7
a 10 24 0 212 1
a 10 7 0 5 1
a 13 68 0 212 6
a 13 16 0 28 5
a 13 10 0 39 9
a 17 46 0 212 3
a 17 94 0 31 1
a 19 53 0 212 8
a 19 25 0 23 2
a 20 85 0 212 8
a 20 75 0 8 8
a 24 88 0 212 2
a 24 29 0 24 2
a 25 72 0 212 8
a 25 68 0 5 8
a 31 8 0 212 9
a 31 74 0 17 7
a 31 5 0 46 8
a 32 4 0 212 9
a 32 37 0 41 5
a 32 20 0 31 8
a 34 44 0 212 8
a 34 62 0 3 4
a 34 58 0 24 5
a 35 43 0 212 5
a 35 83 0 25 4
a 35 44 0 39 4
a 40 5 0 212 4
a 40 95 0 24 9
a 40 65 0 45 7
a 41 32 0 212 1
a 41 66 0 5 8
a 43 31 0 212 3
a 43 44 0 28 5
a 44 75 0 212 2
a 44 92 0 49 5
a 44 26 0 29 6
a 44 84 0 32 9
a 45 40 0 212 9
a 45 90 0 2 10
a 46 73 0 212 7
a 46 38 0 41 10
a 49 35 0 212 9
a 49 100 0 212 8
a 49 97 0 25 3
a 49 98 0 42 4
a 50 41 0 212 5
a 50 38 0 13 8
a 51 19 0 212 7
a 51 45 0 24 1
a 51 38 0 19 7
a 53 91 0 212 1
a 53 96 0 33 3
a 55 45 0 212 9
a 55 88 0 35 1
a 55 20 0 16 10
a 55 75 0 27 2
a 56 80 0 212 2
a 56 66 0 24 9
a 56 93 0 16 4
a 57 86 0 212 6
a 57 31 0 3 1
a 61 49 0 212 2
a 61 70 0 26 9
a 61 29 0 10 9
a 64 69 0 212 8
a 64 34 0 3 7
a 66 92 0 212 1
a 66 59 0 33 6
a 67 34 0 212 9
a 67 32 0 17 5
a 67 9 0 38 6
a 68 96 0 212 2
a 68 18 0 32 2
a 69 87 0 212 5
a 69 49 0 5 4
a 70 76 0 212 5
a 70 14 0 47 5
a 72 13 0 212 6
a 72 11 0 13 7
a 72 38 0 8 7
a 73 56 0 212 3
a 73 60 0 47 2
a 73 36 0 11 5
a 73 58 0 15 9
a 74 98 0 212 8
a 74 80 0 20 1
a 75 94 0 212 2
a 75 89 0 21 7
a 75 79 0 8 3
a 76 66 0 212 4
a 76 83 0 2 2
a 80 50 0 212 7
a 80 8 0 8 4
a 82 7 0 212 9
a 82 69 0 50 9
a 82 11 0 18 4
a 84 82 0 212 9
a 84 49 0 41 3
a 85 17 0 212 5
a 85 21 0 14 5
a 85 16 0 18 1
a 86 51 0 212 5
a 86 29 0 43 8
a 87 25 0 212 10
a 87 80 0 19 3
a 88 70 0 212 2
a 88 66 0 11 3
a 90 61 0 212 4
a 90 93 0 31 10
a 90 41 0 40 6
a 90 84 0 44 9
a 91 99 0 212 4
a 91 20 0 8 2
a 91 83 0 39 9
a 92 64 0 212 7
a 92 67 0 20 7
a 94 10 0 212 6
a 94 99 0 21 8
a 94 36 0 11 7
a 96 74 0 212 8
a 96 47 0 49 2
a 96 22 0 9 4
a 98 55 0 212 8
a 98 9 0 48 10
a 98 22 0 39 10
a 2 39 0 38 6
a 2 56 0 4 1
a 2 93 0 21 9
a 3 93 0 38 3
a 3 25 0 45 2
a 3 86 0 11 10
a 6 60 0 38 3
a 6 76 0 11 10
a 11 48 0 38 3
a 11 5 0 28 1
a 11 55 0 37 9
a 12 11 0 38 2
a 12 89 0 47 3
a 14 78 0 38 3
a 14 35 0 21 4
a 15 71 0 38 7
a 15 94 0 15 10
a 16 95 0 38 4
a 16 70 0 12 10
a 16 62 0 43 6
a 18 59 0 38 7
a 18 92 0 48 9
a 18 26 0 15 8
a 21 83 0 38 4
a 21 72 0 16 8
a 22 62 0 38 4
a 22 18 0 5 9
a 23 12 0 38 1
a 23 64 0 31 1
a 23 11 0 16 3
a 26 27 0 38 4
a 26 58 0 39 5
a 27 52 0 38 5
a 27 21 0 40 7
a 27 90 0 5 1
a 28 47 0 38 9
a 28 79 0 7 3
a 29 15 0 38 3
a 29 44 0 29 1
a 30 26 0 38 4
a 30 45 0 6 4
a 30 69 0 26 4
a 33 63 0 38 6
a 33 41 0 42 1
a 36 42 0 38 10
a 36 28 0 7 6
a 37 89 0 38 1
a 37 91 0 33 1
a 38 29 0 38 2
a 38 51 0 7 2
a 39 3 0 38 9
a 39 50 0 41 2
a 39 88 0 50 10
a 42 38 0 38 4
a 42 72 0 47 10
a 42 56 0 34 10
a 47 16 0 38 3
a 47 27 0 43 8
a 48 100 0 38 5
a 48 68 0 12 9
a 52 14 0 38 3
a 52 100 0 3 3
a 52 5 0 18 4
a 54 97 0 38 1
a 54 38 0 38 10
a 54 72 0 19 3
a 58 22 0 38 4
a 58 4 0 30 2
a 58 77 0 35 2
a 59 77 0 38 3
a 59 16 0 36 10
a 60 28 0 38 4
a 60 4 0 8 6
a 60 77 0 42 8
a 62 21 0 38 1
a 62 38 0 4 4
a 62 76 0 48 1
a 63 54 0 38 2
a 63 20 0 19 1
a 63 65 0 8 1
a 65 33 0 38 10
a 65 20 0 41 7
a 65 61 0 2 5
a 71 30 0 38 6
a 71 35 0 12 1
a 71 96 0 18 8
a 77 58 0 38 3
a 77 94 0 27 3
a 78 65 0 38 2
a 78 100 0 36 5
a 79 37 0 38 6
a 79 60 0 36 5
a 81 23 0 38 7
a 81 92 0 10 6
a 81 75 0 23 3
a 83 79 0 38 4
a 83 13 0 31 9
a 83 31 0 37 8
a 89 6 0 38 7
a 89 21 0 30 1
a 93 36 0 38 1
a 93 99 0 38 6
a 95 81 0 38 7
a 95 13 0 44 1
a 97 18 0 38 2
a 97 83 0 32 9
