c PyNETGEN v1.0.0
c $ pip install pynetgen
c
c  NETGEN flow network generation algorithm
c  Problem input parameters
c  -------------------------------------
c   Random seed:          59
c   Number of nodes:      100
c   Source nodes:         2
c   Sink nodes:           2
c   Number of arcs:       251
c   Minimum arc cost:     1
c   Maximum arc cost:     10
c   Total supply:         250
c   Transshipment -
c     Sources:            0
c     Sinks:              0
c   Skeleton arcs -
c     With max cost:      0
c     Capacitated:        100
c   Minimum arc capacity: 1
c   Maximum arc capacity: 50
c
c  *** Minimum cost flow ***
c
p min 100 251
n 1 125
n 2 125
n 99 -138
n 100 -112
a 1 7 0 125 10
a 1 72 0 41 9
a 3 74 0 125 4
a 3 11 0 34 4
a 3 91 0 6 1
a 7 25 0 125 6
a 7 10 0 9 4
a 7 22 0 46 2
a 7 4 0 40 4
a 10 83 0 125 5
a 10 6 0 28 10
a 12 33 0 125 8
a 12 59 0 37 3
a 12 9 0 37 3
a 14 63 0 125 3
a 14 41 0 30 7
a 14 39 0 12 6
a 15 51 0 125 9
a 15 4 0 37 4
a 15 34 0 34 10
a 15 22 0 2 7
a 17 55 0 125 4
a 17 70 0 42 2
a 17 61 0 27 6
a 17 99 0 9 10
a 19 12 0 125 7
a 19 74 0 14 4
a 19 47 0 16 4
a 20 42 0 125 7
a 20 85 0 23 7
a 21 82 0 125 2
a 21 51 0 47 2
a 21 10 0 23 9
a 21 59 0 20 8
a 25 44 0 125 7
a 25 46 0 26 9
a 27 35 0 125 3
a 27 22 0 19 3
a 33 62 0 125 8
a 33 80 0 20 10
a 33 20 0 28 1
a 34 3 0 125 10
a 34 27 0 37 7
a 34 38 0 27 4
a 35 20 0 125 2
a 35 6 0 47 1
a 35 16 0 7 7
a 40 80 0 125 9
a 40 34 0 36 1
a 40 69 0 32 10
a 42 17 0 125 8
a 42 30 0 11 7
a 42 8 0 5 6
a 43 77 0 125 2
a 43 61 0 19 3
a 44 64 0 125 8
a 44 65 0 50 5
a 44 68 0 19 1
a 46 94 0 125 2
a 46 72 0 8 10
a 47 69 0 125 6
a 47 71 0 3 7
a 48 59 0 125 5
a 48 90 0 6 3
a 49 14 0 125 2
a 49 36 0 1 8
a 49 35 0 4 1
a 51 40 0 125 1
a 51 99 0 43 10
a 51 89 0 31 7
a 55 79 0 125 10
a 55 13 0 9 7
a 58 19 0 125 7
a 58 90 0 13 7
a 58 27 0 38 9
a 59 60 0 125 6
a 59 17 0 41 3
a 59 30 0 20 4
a 60 96 0 125 3
a 60 100 0 125 2
a 60 74 0 12 8
a 62 43 0 125 9
a 62 96 0 28 7
a 63 99 0 125 8
a 63 34 0 37 10
a 64 48 0 125 6
a 64 89 0 15 3
a 64 84 0 41 2
a 66 10 0 125 8
a 66 87 0 17 9
a 67 92 0 125 8
a 67 10 0 9 9
a 67 80 0 24 1
a 69 90 0 125 10
a 69 58 0 7 8
a 69 54 0 29 4
a 73 49 0 125 10
a 73 31 0 16 9
a 73 54 0 49 7
a 74 27 0 125 1
a 74 46 0 39 1
a 76 66 0 125 10
a 76 88 0 9 6
a 76 4 0 45 1
a 77 73 0 125 9
a 77 87 0 2 5
a 77 72 0 29 5
a 79 88 0 125 2
a 79 65 0 32 1
a 80 98 0 125 7
a 80 87 0 40 3
a 80 18 0 31 10
a 82 34 0 125 1
a 82 74 0 42 5
a 83 47 0 125 7
a 83 97 0 17 6
a 83 74 0 47 4
a 84 21 0 125 2
a 84 4 0 11 10
a 88 46 0 125 6
a 88 87 0 23 8
a 88 48 0 26 1
a 90 84 0 125 9
a 90 19 0 37 3
a 90 80 0 27 6
a 92 15 0 125 3
a 92 60 0 24 5
a 92 85 0 40 4
a 94 58 0 125 6
a 94 76 0 27 1
a 94 80 0 10 6
a 96 67 0 125 6
a 96 85 0 44 8
a 96 22 0 26 2
a 98 76 0 125 7
a 98 100 0 11 1
a 98 96 0 8 6
a 2 5 0 125 5
a 2 91 0 43 7
a 2 82 0 28 3
a 4 31 0 125 8
a 4 86 0 15 9
a 5 57 0 125 3
a 5 95 0 43 7
a 5 14 0 42 4
a 6 91 0 125 1
a 6 94 0 49 5
a 6 27 0 38 1
a 8 93 0 125 2
a 8 7 0 7 2
a 8 6 0 1 8
a 9 100 0 125 7
a 9 71 0 125 2
a 9 38 0 29 8
a 9 28 0 9 4
a 11 70 0 125 5
a 11 76 0 10 4
a 11 44 0 32 6
a 13 30 0 125 2
a 13 12 0 8 7
a 13 19 0 43 4
a 16 78 0 125 9
a 16 88 0 4 4
a 16 58 0 11 3
a 18 81 0 125 8
a 18 67 0 47 9
a 22 99 0 125 8
a 22 29 0 28 5
a 22 94 0 14 5
a 23 9 0 125 4
a 23 48 0 46 6
a 23 63 0 43 2
a 24 45 0 125 5
a 24 74 0 29 9
a 26 87 0 125 7
a 26 32 0 8 5
a 28 50 0 125 10
a 28 9 0 37 2
a 29 65 0 125 3
a 29 32 0 4 10
a 30 39 0 125 7
a 30 7 0 27 1
a 31 97 0 125 3
a 31 62 0 10 9
a 32 37 0 125 8
a 32 49 0 47 2
a 36 86 0 125 9
a 36 78 0 42 1
a 36 91 0 19 8
a 37 95 0 125 8
a 37 12 0 19 7
a 38 6 0 125 9
a 38 49 0 37 7
a 38 39 0 46 3
a 39 4 0 125 9
a 39 19 0 3 9
a 41 54 0 125 1
a 41 94 0 34 4
a 45 56 0 125 8
a 45 21 0 23 10
a 45 99 0 6 7
a 50 26 0 125 2
a 50 85 0 27 6
a 52 18 0 125 4
a 52 95 0 43 10
a 52 46 0 41 2
a 53 61 0 125 5
a 53 3 0 2 1
a 53 13 0 2 2
a 54 72 0 125 9
a 54 96 0 3 2
a 56 8 0 125 5
a 56 51 0 7 5
a 57 52 0 125 2
a 57 94 0 13 5
a 61 36 0 125 8
a 61 35 0 39 8
a 65 24 0 125 4
a 65 95 0 21 10
a 65 63 0 46 1
a 68 16 0 125 6
a 68 20 0 7 4
a 70 53 0 125 10
a 70 43 0 21 6
a 70 38 0 33 3
a 71 11 0 125 7
a 71 66 0 46 7
a 72 23 0 125 3
a 72 50 0 10 7
a 75 85 0 125 1
a 75 89 0 5 1
a 78 13 0 125 5
a 78 45 0 11 3
a 81 32 0 125 9
a 81 36 0 38 7
a 85 41 0 125 10
a 85 82 0 35 5
a 86 68 0 125 5
a 86 93 0 26 5
a 87 22 0 125 4
a 87 33 0 13 1
a 89 29 0 125 9
a 89 48 0 43 4
a 91 28 0 125 6
a 91 15 0 15 5
a 93 38 0 125 10
a 93 37 0 32 7
a 95 75 0 125 5
a 95 98 0 46 6
a 97 89 0 125 5
a 97 87 0 22 6
