c PyNETGEN v1.0.0
c $ pip install pynetgen
c
c  NETGEN flow network generation algorithm
c  Problem input parameters
c  -------------------------------------
c   Random seed:          71
c   Number of nodes:      100
c   Source nodes:         2
c   Sink nodes:           2
c   Number of arcs:       251
c   Minimum arc cost:     1
c   Maximum arc cost:     10
c   Total supply:         250
c   Transshipment -
c     Sources:            0
c     Sinks:              0
c   Skeleton arcs -
c     With max cost:      0
c     Capacitated:        100
c   Minimum arc capacity: 1
c   Maximum arc capacity: 50
c
c  *** Minimum cost flow ***
c
p min 100 251
n 1 232
n 2 18
n 99 -31
n 100 -219
a 1 10 0 232 9
a 1 29 0 1 6
a 4 20 0 232 8
a 4 51 0 5 3
a 6 44 0 232 1
a 6 41 0 24 1
a 7 66 0 232 10
a 7 63 0 49 4
a 7 98 0 34 8
a 9 70 0 232 1
a 9 95 0 24 4
a 9 60 0 35 1
a 10 26 0 232 3
a 10 41 0 39 8
a 10 68 0 26 2
a 10 35 0 34 4
a 12 100 0 232 6
a 12 44 0 38 9
a 12 46 0 42 9
a 15 9 0 232 6
a 15 39 0 46 10
a 16 90 0 232 9
a 16 60 0 20 8
a 16 50 0 5 8
a 16 59 0 7 9
a 17 99 0 232 5
a 17 91 0 232 1
a 17 50 0 46 4
a 17 23 0 50 8
a 17 58 0 16 10
a 20 45 0 232 7
a 20 91 0 34 2
a 20 87 0 50 8
a 20 38 0 3 4
a 21 81 0 232 6
a 21 14 0 16 4
a 21 62 0 48 6
a 22 89 0 232 8
a 22 19 0 14 2
a 26 54 0 232 1
a 26 20 0 33 8
a 29 16 0 232 10
a 29 76 0 15 1
a 29 21 0 45 10
a 30 85 0 232 4
a 30 48 0 39 4
a 30 56 0 28 8
a 31 43 0 232 6
a 31 18 0 25 4
a 31 85 0 50 7
a 33 4 0 232 4
a 33 65 0 40 5
a 33 43 0 8 4
a 34 22 0 232 6
a 34 55 0 3 2
a 35 76 0 232 1
a 35 28 0 39 2
a 37 31 0 232 4
a 37 78 0 11 5
a 37 90 0 2 6
a 39 52 0 232 3
a 39 64 0 47 4
a 43 78 0 232 4
a 43 20 0 15 8
a 43 30 0 17 5
a 44 62 0 232 10
a 44 7 0 44 2
a 45 51 0 232 5
a 45 12 0 18 3
a 45 75 0 41 9
a 48 92 0 232 7
a 48 99 0 41 3
a 48 100 0 30 9
a 51 96 0 232 10
a 51 93 0 25 2
a 52 93 0 232 1
a 52 49 0 5 9
a 52 57 0 37 5
a 54 80 0 232 1
a 54 74 0 14 6
a 54 72 0 18 6
a 55 21 0 232 9
a 55 11 0 28 9
a 55 69 0 42 2
a 56 15 0 232 2
a 56 82 0 23 4
a 57 56 0 232 1
a 57 76 0 15 6
a 57 32 0 15 7
a 62 57 0 232 5
a 62 99 0 32 3
a 62 42 0 33 4
a 63 29 0 232 7
a 63 11 0 10 5
a 66 98 0 232 3
a 66 90 0 38 6
a 66 38 0 5 6
a 68 6 0 232 1
a 68 50 0 42 9
a 70 12 0 232 7
a 70 52 0 24 5
a 72 7 0 232 5
a 72 84 0 17 9
a 73 17 0 232 6
a 73 48 0 24 3
a 75 30 0 232 3
a 75 15 0 10 4
a 75 29 0 36 3
a 76 72 0 232 8
a 76 29 0 43 10
a 76 67 0 26 10
a 78 39 0 232 9
a 78 63 0 7 6
a 78 76 0 22 4
a 79 37 0 232 3
a 79 95 0 38 6
a 80 63 0 232 4
a 80 86 0 47 4
a 81 68 0 232 9
a 81 21 0 5 9
a 85 55 0 232 5
a 85 53 0 49 5
a 89 35 0 232 9
a 89 54 0 11 9
a 89 59 0 30 3
a 90 33 0 232 5
a 90 58 0 20 6
a 90 52 0 38 4
a 91 75 0 232 4
a 91 80 0 7 9
a 92 73 0 232 3
a 92 60 0 31 10
a 93 34 0 232 2
a 93 69 0 43 10
a 93 61 0 19 3
a 96 79 0 232 9
a 96 51 0 23 1
a 98 48 0 232 6
a 98 35 0 18 6
a 98 21 0 38 10
a 2 97 0 18 7
a 2 47 0 14 1
a 2 36 0 39 4
a 3 94 0 18 2
a 3 99 0 18 5
a 3 81 0 45 8
a 5 88 0 18 7
a 5 82 0 2 1
a 5 48 0 16 2
a 8 95 0 18 7
a 8 22 0 37 6
a 11 23 0 18 3
a 11 93 0 31 10
a 11 40 0 22 10
a 13 83 0 18 9
a 13 57 0 23 9
a 14 36 0 18 2
a 14 69 0 50 3
a 14 92 0 39 10
a 18 32 0 18 9
a 18 29 0 46 4
a 18 50 0 35 3
a 19 25 0 18 4
a 19 8 0 35 2
a 23 41 0 18 5
a 23 57 0 30 2
a 23 43 0 37 1
a 24 42 0 18 4
a 24 62 0 34 9
a 24 15 0 24 1
a 25 24 0 18 8
a 25 55 0 24 7
a 25 81 0 10 9
a 27 59 0 18 6
a 27 91 0 8 7
a 28 71 0 18 6
a 28 7 0 27 6
a 32 49 0 18 4
a 32 50 0 29 3
a 36 65 0 18 6
a 36 88 0 33 4
a 36 63 0 22 2
a 38 50 0 18 7
a 38 42 0 2 1
a 40 100 0 18 4
a 40 52 0 44 9
a 41 47 0 18 10
a 41 64 0 21 9
a 41 38 0 17 5
a 42 86 0 18 1
a 42 69 0 34 9
a 46 64 0 18 8
a 46 43 0 36 3
a 47 27 0 18 2
a 47 90 0 1 2
a 47 51 0 49 7
a 49 40 0 18 6
a 49 72 0 12 9
a 49 73 0 47 7
a 50 53 0 18 2
a 50 68 0 7 6
a 50 93 0 8 8
a 53 13 0 18 10
a 53 59 0 15 4
a 53 34 0 44 1
a 58 14 0 18 5
a 58 50 0 29 6
a 58 82 0 46 2
a 59 8 0 18 9
a 59 40 0 45 1
a 59 89 0 27 10
a 60 3 0 18 10
a 60 20 0 37 9
a 60 88 0 1 3
a 61 67 0 18 9
a 61 76 0 44 6
a 64 18 0 18 2
a 64 83 0 29 5
a 65 77 0 18 6
a 65 58 0 39 6
a 67 38 0 18 5
a 67 75 0 40 3
a 67 22 0 38 1
a 69 11 0 18 10
a 69 20 0 39 10
a 71 5 0 18 10
a 71 46 0 27 3
a 74 61 0 18 1
a 74 19 0 43 3
a 77 19 0 18 1
a 77 18 0 36 3
a 77 41 0 3 2
a 82 84 0 18 1
a 82 61 0 35 4
a 82 89 0 8 3
a 83 60 0 18 7
a 83 76 0 31 3
a 84 28 0 18 6
a 84 38 0 30 8
a 86 46 0 18 3
a 86 72 0 28 8
a 87 69 0 18 9
a 87 38 0 47 5
a 88 74 0 18 3
a 88 100 0 38 2
a 94 58 0 18 2
a 94 71 0 15 7
a 95 82 0 18 8
a 95 48 0 49 6
a 97 87 0 18 6
a 97 59 0 28 8
