c PyNETGEN v1.0.0
c $ pip install pynetgen
c
c  NETGEN flow network generation algorithm
c  Problem input parameters
c  -------------------------------------
c   Random seed:          1
c   Number of nodes:      100
c   Source nodes:         2
c   Sink nodes:           2
c   Number of arcs:       251
c   Minimum arc cost:     1
c   Maximum arc cost:     10
c   Total supply:         250
c   Transshipment -
c     Sources:            0
c     Sinks:              0
c   Skeleton arcs -
c     With max cost:      0
c     Capacitated:        100
c   Minimum arc capacity: 1
c   Maximum arc capacity: 50
c
c  *** Minimum cost flow ***
c
p min 100 251
n 1 109
n 2 141
n 99 -125
n 100 -125
a 1 11 0 109 3
a 1 43 0 5 4
a 1 89 0 6 7
a 4 59 0 109 4
a 4 10 0 21 5
a 4 92 0 27 5
a 4 22 0 45 1
a 8 79 0 109 4
a 8 77 0 23 10
a 11 89 0 109 7
a 11 83 0 45 9
a 11 14 0 26 5
a 12 94 0 109 10
a 12 16 0 19 7
a 16 72 0 109 2
a 16 82 0 4 8
a 16 96 0 13 2
a 16 86 0 12 6
a 18 28 0 109 6
a 18 19 0 25 2
a 20 44 0 109 3
a 20 67 0 6 10
a 20 10 0 44 10
a 20 71 0 6 7
a 22 41 0 109 7
a 22 86 0 45 9
a 22 73 0 2 10
a 25 27 0 109 2
a 25 64 0 10 1
a 25 29 0 5 1
a 26 63 0 109 8
a 26 11 0 15 8
a 27 52 0 109 1
a 27 93 0 5 8
a 28 54 0 109 9
a 28 55 0 10 10
a 32 64 0 109 8
a 32 8 0 6 7
a 34 51 0 109 1
a 34 27 0 21 6
a 34 24 0 6 4
a 34 84 0 29 7
a 35 75 0 109 9
a 35 6 0 34 2
a 38 39 0 109 4
a 38 68 0 40 4
a 38 73 0 9 1
a 38 11 0 16 8
a 39 35 0 109 6
a 39 22 0 1 7
a 41 93 0 109 4
a 41 94 0 5 9
a 41 35 0 30 6
a 41 54 0 18 4
a 42 87 0 109 8
a 42 6 0 24 4
a 42 99 0 9 10
a 43 4 0 109 5
a 43 50 0 48 1
a 44 45 0 109 1
a 44 49 0 34 9
a 44 16 0 1 5
a 45 70 0 109 3
a 45 16 0 50 2
a 47 49 0 109 4
a 47 100 0 109 4
a 47 9 0 19 7
a 49 16 0 109 2
a 49 15 0 9 7
a 51 26 0 109 1
a 51 68 0 4 2
a 52 12 0 109 1
a 52 79 0 14 1
a 53 8 0 109 4
a 53 58 0 1 5
a 54 55 0 109 2
a 54 45 0 44 4
a 55 85 0 109 3
a 55 84 0 42 1
a 55 18 0 28 2
a 55 27 0 26 2
a 57 76 0 109 3
a 57 74 0 24 1
a 57 39 0 5 6
a 59 38 0 109 10
a 59 73 0 11 9
a 60 25 0 109 7
a 60 88 0 40 9
a 61 91 0 109 7
a 61 34 0 22 2
a 61 33 0 41 9
a 63 20 0 109 1
a 63 14 0 34 8
a 63 62 0 32 3
a 64 60 0 109 6
a 64 44 0 12 4
a 70 47 0 109 7
a 70 26 0 17 6
a 70 48 0 21 2
a 71 57 0 109 8
a 71 60 0 35 8
a 72 90 0 109 7
a 72 61 0 21 5
a 75 42 0 109 9
a 75 11 0 19 5
a 75 70 0 40 9
a 76 99 0 109 9
a 76 8 0 28 1
a 79 34 0 109 7
a 79 80 0 16 2
a 79 71 0 27 8
a 80 18 0 109 1
a 80 36 0 48 8
a 80 33 0 16 4
a 84 32 0 109 5
a 84 98 0 40 9
a 84 42 0 40 1
a 85 61 0 109 9
a 85 53 0 22 10
a 85 39 0 39 10
a 87 71 0 109 6
a 87 23 0 35 5
a 89 22 0 109 6
a 89 28 0 26 10
a 89 19 0 49 9
a 90 43 0 109 4
a 90 65 0 8 5
a 90 49 0 5 7
a 91 53 0 109 3
a 91 16 0 28 8
a 93 84 0 109 6
a 93 9 0 18 7
a 93 6 0 30 10
a 94 80 0 109 8
a 94 11 0 22 8
a 94 65 0 31 5
a 2 83 0 141 7
a 2 50 0 15 10
a 3 50 0 141 2
a 3 4 0 20 1
a 3 40 0 20 6
a 5 48 0 141 2
a 5 12 0 22 10
a 6 66 0 141 2
a 6 86 0 28 1
a 6 12 0 40 2
a 7 58 0 141 5
a 7 96 0 23 5
a 9 37 0 141 4
a 9 60 0 35 8
a 9 14 0 32 6
a 10 24 0 141 3
a 10 84 0 28 3
a 13 14 0 141 1
a 13 82 0 21 10
a 13 27 0 7 1
a 14 77 0 141 5
a 14 9 0 2 6
a 15 68 0 141 2
a 15 21 0 11 9
a 15 76 0 38 10
a 17 100 0 141 2
a 17 90 0 40 3
a 17 99 0 44 10
a 19 88 0 141 6
a 19 17 0 9 3
a 21 74 0 141 5
a 21 81 0 19 2
a 23 36 0 141 8
a 23 13 0 22 9
a 23 51 0 22 10
a 24 96 0 141 2
a 24 40 0 31 1
a 29 7 0 141 3
a 29 99 0 29 4
a 30 62 0 141 1
a 30 31 0 38 4
a 31 17 0 141 2
a 31 3 0 29 8
a 33 86 0 141 5
a 33 66 0 11 10
a 33 94 0 6 4
a 36 13 0 141 5
a 36 78 0 27 2
a 36 69 0 15 8
a 37 31 0 141 1
a 37 16 0 35 3
a 37 19 0 18 1
a 40 95 0 141 9
a 40 96 0 41 4
a 46 19 0 141 2
a 46 28 0 1 5
a 48 29 0 141 2
a 48 60 0 40 7
a 50 46 0 141 9
a 50 99 0 29 2
a 56 6 0 141 8
a 56 100 0 9 2
a 58 92 0 141 4
a 58 14 0 7 2
a 58 98 0 50 9
a 62 67 0 141 7
a 62 61 0 10 8
a 62 27 0 35 2
a 65 73 0 141 8
a 65 8 0 24 2
a 66 98 0 141 5
a 66 58 0 29 9
a 66 48 0 48 10
a 67 5 0 141 2
a 67 27 0 32 2
a 68 56 0 141 4
a 68 83 0 10 5
a 69 82 0 141 1
a 69 26 0 30 3
a 73 30 0 141 2
a 73 17 0 7 9
a 74 23 0 141 7
a 74 19 0 30 5
a 74 35 0 17 10
a 74 13 0 39 3
a 77 69 0 141 3
a 77 48 0 34 6
a 78 65 0 141 10
a 78 33 0 5 1
a 78 29 0 29 2
a 81 40 0 141 6
a 81 25 0 24 6
a 81 28 0 32 4
a 82 3 0 141 1
a 82 22 0 15 5
a 83 15 0 141 1
a 83 81 0 35 10
a 86 9 0 141 1
a 86 93 0 32 7
a 86 6 0 23 10
a 88 97 0 141 5
a 88 39 0 42 6
a 92 33 0 141 9
a 92 25 0 17 8
a 95 78 0 141 3
a 95 62 0 6 8
a 95 61 0 4 3
a 95 89 0 4 8
a 96 81 0 141 10
a 96 13 0 11 9
a 96 63 0 49 3
a 97 10 0 141 7
a 97 26 0 15 5
a 98 21 0 141 3
a 98 99 0 141 3
