c PyNETGEN v1.0.0
c $ pip install pynetgen
c
c  NETGEN flow network generation algorithm
c  Problem input parameters
c  -------------------------------------
c   Random seed:          59690808
c   Number of nodes:      100
c   Source nodes:         2
c   Sink nodes:           2
c   Number of arcs:       251
c   Minimum arc cost:     1
c   Maximum arc cost:     10
c   Total supply:         250
c   Transshipment -
c     Sources:            0
c     Sinks:              0
c   Skeleton arcs -
c     With max cost:      0
c     Capacitated:        100
c   Minimum arc capacity: 1
c   Maximum arc capacity: 50
c
c  *** Minimum cost flow ***
c
p min 100 251
n 1 239
n 2 11
n 99 -35
n 100 -215
a 1 61 0 239 8
a 1 43 0 43 7
a 1 13 0 2 7
a 1 49 0 36 9
a 4 92 0 239 6
a 4 47 0 6 1
a 4 42 0 26 4
a 4 16 0 20 4
a 5 18 0 239 5
a 5 11 0 20 4
a 5 7 0 40 10
a 6 14 0 239 4
a 6 7 0 26 6
a 6 24 0 31 7
a 8 16 0 239 7
a 8 35 0 21 5
a 8 60 0 9 6
a 8 45 0 2 4
a 10 52 0 239 5
a 10 95 0 49 8
a 11 64 0 239 5
a 11 94 0 47 4
a 11 14 0 11 7
a 14 10 0 239 8
a 14 16 0 49 10
a 14 20 0 7 9
a 16 22 0 239 3
a 16 53 0 40 7
a 18 96 0 239 5
a 18 95 0 10 4
a 18 82 0 24 1
a 21 45 0 239 8
a 21 73 0 2 7
a 22 38 0 239 10
a 22 23 0 50 5
a 22 84 0 9 6
a 24 39 0 239 9
a 24 91 0 5 5
a 24 31 0 25 5
a 26 8 0 239 3
a 26 56 0 27 4
a 26 4 0 34 7
a 27 75 0 239 8
a 27 84 0 27 8
a 29 97 0 239 4
a 29 71 0 12 10
a 29 75 0 5 5
a 32 57 0 239 8
a 32 46 0 22 2
a 35 82 0 239 9
a 35 81 0 18 2
a 36 85 0 239 6
a 36 99 0 239 2
a 36 97 0 50 7
a 36 14 0 50 9
a 38 60 0 239 8
a 38 32 0 10 1
a 38 9 0 44 4
a 39 89 0 239 5
a 39 56 0 9 1
a 39 26 0 42 10
a 40 29 0 239 9
a 40 96 0 48 3
a 41 27 0 239 10
a 41 79 0 49 5
a 41 10 0 37 4
a 45 100 0 239 4
a 45 63 0 6 2
a 47 26 0 239 10
a 47 49 0 29 1
a 52 87 0 239 3
a 52 31 0 20 10
a 52 42 0 11 5
a 57 47 0 239 4
a 57 48 0 6 5
a 57 25 0 33 8
a 59 88 0 239 8
a 59 80 0 35 10
a 60 24 0 239 7
a 60 73 0 12 4
a 60 8 0 30 5
a 61 6 0 239 2
a 61 79 0 13 1
a 61 84 0 46 3
a 63 40 0 239 7
a 63 5 0 48 6
a 63 17 0 22 10
a 64 35 0 239 6
a 64 70 0 49 1
a 70 59 0 239 3
a 70 62 0 2 1
a 72 86 0 239 6
a 72 61 0 18 7
a 72 84 0 50 7
a 75 83 0 239 9
a 75 51 0 5 9
a 75 86 0 43 9
a 82 91 0 239 8
a 82 32 0 12 1
a 83 36 0 239 8
a 83 94 0 29 7
a 83 44 0 47 4
a 85 21 0 239 5
a 85 99 0 25 9
a 86 63 0 239 7
a 86 28 0 12 4
a 86 23 0 17 7
a 87 11 0 239 7
a 87 44 0 8 1
a 87 71 0 33 10
a 88 32 0 239 10
a 88 54 0 14 5
a 88 100 0 21 6
a 89 72 0 239 8
a 89 53 0 47 6
a 91 4 0 239 2
a 91 56 0 26 3
a 92 95 0 239 3
a 92 59 0 4 3
a 95 70 0 239 10
a 95 68 0 18 1
a 95 55 0 16 6
a 96 41 0 239 6
a 96 75 0 37 7
a 96 43 0 49 5
a 97 5 0 239 1
a 97 40 0 37 7
a 97 61 0 5 7
a 2 74 0 11 7
a 2 56 0 2 7
a 2 18 0 49 3
a 3 98 0 11 9
a 3 9 0 42 8
a 3 91 0 10 2
a 7 9 0 11 4
a 7 57 0 36 10
a 7 91 0 37 4
a 9 65 0 11 9
a 9 52 0 31 4
a 12 69 0 11 3
a 12 47 0 35 1
a 12 74 0 35 1
a 13 44 0 11 6
a 13 11 0 43 1
a 13 100 0 18 4
a 15 79 0 11 7
a 15 83 0 4 4
a 17 51 0 11 8
a 17 9 0 42 10
a 17 98 0 19 10
a 19 84 0 11 9
a 19 64 0 5 9
a 20 54 0 11 4
a 20 30 0 50 1
a 23 62 0 11 7
a 23 31 0 12 3
a 25 43 0 11 4
a 25 61 0 7 3
a 28 42 0 11 9
a 28 93 0 26 6
a 28 40 0 42 3
a 30 23 0 11 1
a 30 59 0 8 9
a 31 25 0 11 9
a 31 98 0 10 7
a 31 71 0 11 4
a 33 17 0 11 5
a 33 49 0 28 3
a 33 77 0 13 10
a 34 33 0 11 9
a 34 82 0 40 9
a 37 93 0 11 5
a 37 15 0 39 10
a 37 52 0 11 7
a 42 81 0 11 5
a 42 68 0 31 8
a 42 73 0 37 2
a 43 7 0 11 10
a 43 94 0 5 1
a 44 56 0 11 10
a 44 89 0 48 2
a 46 12 0 11 7
a 46 4 0 21 1
a 48 15 0 11 6
a 48 28 0 29 6
a 48 96 0 41 2
a 49 19 0 11 3
a 49 67 0 16 3
a 50 49 0 11 4
a 50 45 0 11 2
a 51 100 0 11 2
a 51 21 0 32 5
a 51 11 0 43 2
a 53 28 0 11 7
a 53 49 0 36 6
a 53 63 0 32 2
a 54 13 0 11 1
a 54 47 0 15 5
a 55 77 0 11 5
a 55 72 0 17 5
a 55 46 0 18 1
a 56 90 0 11 7
a 56 23 0 16 1
a 58 46 0 11 7
a 58 86 0 27 5
a 58 26 0 1 8
a 62 71 0 11 9
a 62 46 0 48 5
a 65 37 0 11 7
a 65 43 0 19 10
a 65 30 0 22 9
a 66 94 0 11 6
a 66 29 0 33 4
a 67 31 0 11 6
a 67 36 0 38 6
a 68 73 0 11 2
a 68 51 0 4 3
a 69 20 0 11 4
a 69 45 0 11 8
a 69 86 0 18 3
a 71 67 0 11 7
a 71 41 0 16 6
a 73 55 0 11 7
a 73 54 0 16 5
a 74 78 0 11 7
a 74 7 0 16 1
a 74 86 0 42 4
a 76 3 0 11 2
a 76 73 0 43 9
a 77 66 0 11 9
a 77 60 0 24 1
a 78 58 0 11 2
a 78 65 0 25 10
a 79 34 0 11 9
a 79 80 0 38 1
a 80 30 0 11 2
a 80 34 0 29 8
a 80 21 0 44 8
a 81 68 0 11 3
a 81 12 0 13 9
a 84 48 0 11 4
a 84 36 0 20 9
a 84 17 0 32 1
a 90 53 0 11 2
a 90 11 0 39 9
a 93 76 0 11 8
a 93 90 0 45 5
a 94 80 0 11 5
a 94 32 0 25 3
a 98 50 0 11 6
a 98 99 0 11 10
