c PyNETGEN v1.0.0
c $ pip install pynetgen
c
c  NETGEN flow network generation algorithm
c  Problem input parameters
c  -------------------------------------
c   Random seed:          19
c   Number of nodes:      100
c   Source nodes:         2
c   Sink nodes:           2
c   Number of arcs:       251
c   Minimum arc cost:     1
c   Maximum arc cost:     10
c   Total supply:         250
c   Transshipment -
c     Sources:            0
c     Sinks:              0
c   Skeleton arcs -
c     With max cost:      0
c     Capacitated:        100
c   Minimum arc capacity: 1
c   Maximum arc capacity: 50
c
c  *** Minimum cost flow ***
c
p min 100 251
n 1 129
n 2 121
n 99 -164
n 100 -86
a 1 31 0 129 3
a 1 10 0 45 1
a 1 77 0 29 10
a 3 48 0 129 9
a 3 22 0 5 3
a 3 84 0 1 5
a 3 74 0 40 9
a 5 7 0 129 10
a 5 54 0 14 3
a 5 19 0 11 7
a 6 19 0 129 1
a 6 37 0 18 1
a 6 5 0 26 4
a 6 98 0 47 9
a 7 8 0 129 10
a 7 93 0 38 2
a 7 84 0 27 9
a 7 50 0 2 6
a 8 93 0 129 10
a 8 78 0 43 6
a 8 17 0 17 9
a 9 5 0 129 10
a 9 38 0 33 9
a 9 69 0 20 10
a 10 60 0 129 9
a 10 50 0 37 3
a 11 70 0 129 8
a 11 25 0 49 2
a 12 71 0 129 5
a 12 45 0 39 3
a 12 40 0 28 10
a 19 20 0 129 6
a 19 27 0 25 6
a 20 42 0 129 6
a 20 32 0 19 7
a 20 40 0 17 8
a 22 82 0 129 6
a 22 71 0 35 10
a 23 62 0 129 7
a 23 45 0 43 4
a 25 6 0 129 8
a 25 78 0 1 4
a 27 73 0 129 10
a 27 77 0 20 8
a 27 97 0 43 7
a 27 84 0 4 9
a 28 12 0 129 10
a 28 27 0 7 6
a 28 77 0 23 4
a 29 40 0 129 5
a 29 60 0 25 3
a 29 48 0 31 9
a 31 44 0 129 2
a 31 61 0 39 4
a 32 76 0 129 9
a 32 33 0 27 2
a 32 30 0 12 1
a 34 66 0 129 10
a 34 12 0 9 3
a 35 47 0 129 8
a 35 76 0 20 5
a 36 92 0 129 4
a 36 89 0 30 9
a 36 66 0 18 9
a 39 32 0 129 3
a 39 8 0 1 3
a 39 64 0 37 5
a 40 25 0 129 4
a 40 65 0 49 7
a 40 66 0 28 5
a 42 57 0 129 6
a 42 69 0 23 7
a 42 48 0 2 3
a 44 11 0 129 9
a 44 93 0 11 5
a 44 30 0 44 1
a 47 9 0 129 6
a 47 5 0 20 3
a 48 50 0 129 3
a 48 63 0 15 10
a 50 36 0 129 6
a 50 97 0 19 1
a 50 99 0 2 5
a 52 35 0 129 6
a 52 69 0 6 7
a 53 22 0 129 10
a 53 89 0 13 4
a 56 3 0 129 3
a 56 32 0 42 2
a 56 38 0 2 5
a 57 97 0 129 9
a 57 78 0 11 8
a 57 58 0 41 7
a 60 94 0 129 1
a 60 21 0 31 8
a 60 26 0 17 6
a 61 23 0 129 4
a 61 31 0 26 7
a 61 4 0 25 3
a 62 29 0 129 4
a 62 84 0 19 1
a 64 68 0 129 8
a 64 14 0 18 2
a 66 56 0 129 4
a 66 30 0 42 6
a 66 17 0 5 6
a 67 61 0 129 6
a 67 29 0 38 7
a 67 91 0 40 7
a 68 99 0 129 5
a 68 53 0 129 8
a 68 88 0 18 1
a 70 72 0 129 2
a 70 90 0 36 4
a 71 64 0 129 4
a 71 14 0 45 2
a 72 34 0 129 4
a 72 46 0 35 2
a 72 45 0 4 6
a 73 10 0 129 3
a 73 7 0 34 1
a 73 61 0 18 1
a 76 78 0 129 4
a 76 13 0 12 6
a 78 100 0 129 8
a 78 58 0 9 7
a 82 67 0 129 2
a 82 76 0 27 5
a 92 52 0 129 5
a 92 39 0 23 10
a 93 28 0 129 2
a 93 90 0 7 4
a 94 39 0 129 4
a 94 16 0 35 1
a 97 27 0 129 5
a 97 43 0 48 4
a 2 80 0 121 1
a 2 10 0 41 8
a 2 4 0 50 8
a 4 24 0 121 2
a 4 85 0 42 9
a 13 98 0 121 2
a 13 69 0 39 3
a 13 82 0 19 4
a 14 21 0 121 9
a 14 100 0 121 6
a 14 8 0 2 8
a 14 38 0 41 1
a 15 17 0 121 9
a 15 56 0 17 5
a 15 33 0 37 6
a 16 88 0 121 3
a 16 28 0 18 2
a 17 38 0 121 10
a 17 24 0 12 10
a 18 89 0 121 10
a 18 44 0 22 6
a 18 79 0 25 1
a 21 37 0 121 1
a 21 57 0 29 2
a 21 27 0 30 3
a 24 15 0 121 3
a 24 30 0 49 5
a 26 95 0 121 5
a 26 5 0 8 4
a 30 74 0 121 10
a 30 81 0 44 5
a 30 89 0 10 4
a 33 75 0 121 5
a 33 51 0 19 1
a 37 59 0 121 4
a 37 46 0 18 3
a 38 84 0 121 1
a 38 73 0 31 5
a 41 49 0 121 5
a 41 38 0 48 8
a 41 6 0 23 5
a 43 45 0 121 5
a 43 95 0 33 7
a 45 91 0 121 9
a 45 65 0 46 4
a 45 64 0 32 9
a 46 26 0 121 2
a 46 42 0 18 10
a 49 87 0 121 8
a 49 79 0 49 6
a 49 27 0 4 5
a 51 79 0 121 6
a 51 97 0 11 6
a 51 41 0 33 8
a 54 96 0 121 3
a 54 76 0 33 5
a 55 30 0 121 7
a 55 17 0 17 7
a 55 8 0 16 2
a 58 46 0 121 6
a 58 32 0 7 4
a 58 51 0 22 8
a 59 83 0 121 4
a 59 47 0 35 6
a 63 69 0 121 2
a 63 5 0 27 8
a 65 54 0 121 8
a 65 92 0 43 6
a 65 83 0 20 3
a 69 18 0 121 9
a 69 7 0 3 7
a 69 77 0 17 7
a 74 58 0 121 8
a 74 95 0 15 8
a 74 23 0 24 1
a 75 90 0 121 1
a 75 13 0 49 1
a 77 4 0 121 10
a 77 92 0 35 10
a 77 18 0 28 6
a 79 65 0 121 10
a 79 89 0 22 1
a 80 14 0 121 4
a 80 36 0 34 6
a 81 63 0 121 3
a 81 65 0 2 3
a 81 74 0 43 3
a 83 13 0 121 7
a 83 25 0 11 9
a 84 41 0 121 1
a 84 49 0 18 2
a 85 81 0 121 5
a 85 86 0 2 6
a 86 51 0 121 3
a 86 95 0 38 3
a 86 74 0 12 7
a 87 85 0 121 8
a 87 54 0 37 7
a 87 50 0 31 6
a 88 33 0 121 1
a 88 73 0 13 2
a 89 43 0 121 5
a 89 79 0 46 5
a 90 99 0 121 3
a 90 97 0 20 10
a 91 16 0 121 2
a 91 12 0 20 9
a 95 77 0 121 3
a 95 81 0 7 1
a 96 55 0 121 6
a 96 56 0 27 9
a 98 86 0 121 1
a 98 96 0 30 8
a 98 53 0 10 5
a 98 82 0 47 4
