c PyNETGEN v1.0.0
c $ pip install pynetgen
c
c  NETGEN flow network generation algorithm
c  Problem input parameters
c  -------------------------------------
c   Random seed:          40
c   Number of nodes:      100
c   Source nodes:         2
c   Sink nodes:           2
c   Number of arcs:       251
c   Minimum arc cost:     1
c   Maximum arc cost:     10
c   Total supply:         250
c   Transshipment -
c     Sources:            0
c     Sinks:              0
c   Skeleton arcs -
c     With max cost:      0
c     Capacitated:        100
c   Minimum arc capacity: 1
c   Maximum arc capacity: 50
c
c  *** Minimum cost flow ***
c
p min 100 251
n 1 145
n 2 105
n 99 -102
n 100 -148
a 1 75 0 145 5
a 1 64 0 47 6
a 1 28 0 23 7
a 1 20 0 16 5
a 4 27 0 145 2
a 4 25 0 6 6
a 7 37 0 145 7
a 7 63 0 14 5
a 7 95 0 27 2
a 7 76 0 22 9
a 8 81 0 145 5
a 8 20 0 41 5
a 10 19 0 145 2
a 10 32 0 38 5
a 10 78 0 4 1
a 14 89 0 145 10
a 14 61 0 33 5
a 14 30 0 28 1
a 14 77 0 5 7
a 16 53 0 145 9
a 16 76 0 33 6
a 17 94 0 145 5
a 17 36 0 7 1
a 19 21 0 145 5
a 19 75 0 8 9
a 19 55 0 11 1
a 21 68 0 145 7
a 21 55 0 15 10
a 21 90 0 20 10
a 21 80 0 35 5
a 27 90 0 145 5
a 27 51 0 42 4
a 27 78 0 49 4
a 27 70 0 32 8
a 29 63 0 145 6
a 29 11 0 10 9
a 29 5 0 8 3
a 30 67 0 145 2
a 30 39 0 29 6
a 30 61 0 28 7
a 31 52 0 145 1
a 31 99 0 10 5
a 31 95 0 28 3
a 32 100 0 145 8
a 32 8 0 7 10
a 35 4 0 145 1
a 35 92 0 28 6
a 37 83 0 145 3
a 37 95 0 11 8
a 39 60 0 145 5
a 39 7 0 31 9
a 39 69 0 28 9
a 44 65 0 145 4
a 44 94 0 11 6
a 49 66 0 145 1
a 49 36 0 2 5
a 51 88 0 145 9
a 51 47 0 30 1
a 52 29 0 145 4
a 52 59 0 8 10
a 53 31 0 145 4
a 53 12 0 20 1
a 56 7 0 145 6
a 56 60 0 39 5
a 56 52 0 17 3
a 56 94 0 1 3
a 58 10 0 145 5
a 58 87 0 25 4
a 60 82 0 145 5
a 60 52 0 4 10
a 61 71 0 145 2
a 61 45 0 34 1
a 61 10 0 46 8
a 61 74 0 2 4
a 63 8 0 145 5
a 63 91 0 23 6
a 63 66 0 13 10
a 64 91 0 145 1
a 64 27 0 28 1
a 65 49 0 145 1
a 65 56 0 3 4
a 66 16 0 145 10
a 66 14 0 46 10
a 66 73 0 4 10
a 67 32 0 145 2
a 67 17 0 28 8
a 68 95 0 145 1
a 68 12 0 37 9
a 68 61 0 15 8
a 71 58 0 145 8
a 71 69 0 33 2
a 75 51 0 145 9
a 75 99 0 145 5
a 75 96 0 1 1
a 75 93 0 18 5
a 78 30 0 145 8
a 78 9 0 2 5
a 80 61 0 145 3
a 80 83 0 13 10
a 80 76 0 20 5
a 81 56 0 145 1
a 81 6 0 2 3
a 81 77 0 5 9
a 82 14 0 145 9
a 82 79 0 45 7
a 83 64 0 145 3
a 83 15 0 16 10
a 83 74 0 24 8
a 88 35 0 145 9
a 88 100 0 16 4
a 88 45 0 13 7
a 89 96 0 145 1
a 89 68 0 20 7
a 89 69 0 4 9
a 90 44 0 145 1
a 90 19 0 20 2
a 90 43 0 41 5
a 91 80 0 145 8
a 91 5 0 8 2
a 91 17 0 24 1
a 94 39 0 145 10
a 94 57 0 9 8
a 94 43 0 3 7
a 95 17 0 145 6
a 95 65 0 17 4
a 96 78 0 145 2
a 96 49 0 20 3
a 2 26 0 105 2
a 2 49 0 16 9
a 3 43 0 105 10
a 3 5 0 1 5
a 5 98 0 105 2
a 5 85 0 40 9
a 5 21 0 11 8
a 6 73 0 105 7
a 6 82 0 39 10
a 9 6 0 105 9
a 9 51 0 12 9
a 9 91 0 44 7
a 11 18 0 105 4
a 11 89 0 27 10
a 11 57 0 31 1
a 12 84 0 105 2
a 12 71 0 25 4
a 13 3 0 105 4
a 13 82 0 38 9
a 15 70 0 105 9
a 15 60 0 8 6
a 15 76 0 49 1
a 18 69 0 105 3
a 18 91 0 3 9
a 18 23 0 43 1
a 20 9 0 105 10
a 20 18 0 40 7
a 20 97 0 25 3
a 22 85 0 105 8
a 22 36 0 29 7
a 23 97 0 105 6
a 23 60 0 19 7
a 23 19 0 6 9
a 24 72 0 105 9
a 24 4 0 1 3
a 25 77 0 105 10
a 25 85 0 32 9
a 25 100 0 6 10
a 26 45 0 105 5
a 26 5 0 16 3
a 26 90 0 19 10
a 28 42 0 105 7
a 28 51 0 46 6
a 28 58 0 36 6
a 33 57 0 105 10
a 33 88 0 28 6
a 33 25 0 12 9
a 34 62 0 105 4
a 34 95 0 8 5
a 34 30 0 42 7
a 36 100 0 105 10
a 36 84 0 35 10
a 38 92 0 105 2
a 38 43 0 20 2
a 38 77 0 23 2
a 40 74 0 105 8
a 40 27 0 37 4
a 40 67 0 18 6
a 41 13 0 105 4
a 41 91 0 50 2
a 41 24 0 9 3
a 42 41 0 105 3
a 42 31 0 11 10
a 43 55 0 105 10
a 43 94 0 5 6
a 45 33 0 105 9
a 45 92 0 44 9
a 46 79 0 105 5
a 46 28 0 13 7
a 46 71 0 47 10
a 47 12 0 105 4
a 47 83 0 40 3
a 47 7 0 2 9
a 48 86 0 105 10
a 48 99 0 105 6
a 48 36 0 10 9
a 50 40 0 105 9
a 50 99 0 24 5
a 50 69 0 30 9
a 54 46 0 105 10
a 54 87 0 33 2
a 54 89 0 45 3
a 55 59 0 105 5
a 55 90 0 27 2
a 55 63 0 2 10
a 57 23 0 105 6
a 57 59 0 33 3
a 57 43 0 26 3
a 59 22 0 105 1
a 59 70 0 7 4
a 62 15 0 105 3
a 62 92 0 48 4
a 69 28 0 105 10
a 69 67 0 24 2
a 70 76 0 105 6
a 70 62 0 8 1
a 72 50 0 105 5
a 72 48 0 23 5
a 73 24 0 105 7
a 73 20 0 26 6
a 74 34 0 105 9
a 74 65 0 9 9
a 76 93 0 105 6
a 76 28 0 18 6
a 77 87 0 105 1
a 77 58 0 44 5
a 79 5 0 105 3
a 79 55 0 5 9
a 84 48 0 105 10
a 84 12 0 20 4
a 85 20 0 105 1
a 85 16 0 28 1
a 86 36 0 105 2
a 86 35 0 44 2
a 87 38 0 105 8
a 87 70 0 24 6
a 92 11 0 105 1
a 92 35 0 9 2
a 93 54 0 105 2
a 93 16 0 6 9
a 97 25 0 105 5
a 97 36 0 14 6
a 98 47 0 105 6
a 98 49 0 23 3
