c PyNETGEN v1.0.0
c $ pip install pynetgen
c
c  NETGEN flow network generation algorithm
c  Problem input parameters
c  -------------------------------------
c   Random seed:          74
c   Number of nodes:      100
c   Source nodes:         2
c   Sink nodes:           2
c   Number of arcs:       251
c   Minimum arc cost:     1
c   Maximum arc cost:     10
c   Total supply:         250
c   Transshipment -
c     Sources:            0
c     Sinks:              0
c   Skeleton arcs -
c     With max cost:      0
c     Capacitated:        100
c   Minimum arc capacity: 1
c   Maximum arc capacity: 50
c
c  *** Minimum cost flow ***
c
p min 100 251
n 1 94
n 2 156
n 99 -127
n 100 -123
a 1 3 0 94 1
a 1 19 0 16 1
a 3 51 0 94 9
a 3 4 0 47 6
a 3 28 0 24 7
a 5 87 0 94 2
a 5 72 0 22 2
a 5 18 0 24 8
a 6 89 0 94 6
a 6 74 0 5 2
a 6 40 0 9 4
a 7 54 0 94 6
a 7 14 0 43 2
a 10 40 0 94 2
a 10 26 0 2 7
a 11 65 0 94 9
a 11 79 0 31 1
a 11 43 0 27 4
a 12 64 0 94 3
a 12 79 0 24 5
a 12 9 0 21 6
a 12 31 0 20 6
a 13 86 0 94 2
a 13 69 0 23 2
a 13 47 0 44 6
a 13 22 0 7 3
a 17 60 0 94 4
a 17 20 0 40 10
a 18 46 0 94 5
a 18 22 0 42 6
a 20 30 0 94 9
a 20 15 0 40 2
a 20 99 0 44 1
a 20 70 0 39 5
a 21 85 0 94 3
a 21 36 0 50 10
a 21 25 0 30 10
a 25 13 0 94 4
a 25 42 0 18 3
a 25 32 0 29 10
a 25 84 0 39 7
a 26 97 0 94 5
a 26 15 0 28 6
a 27 20 0 94 5
a 27 63 0 9 8
a 27 74 0 44 4
a 28 71 0 94 8
a 28 52 0 42 3
a 29 21 0 94 5
a 29 56 0 3 2
a 29 34 0 27 1
a 30 77 0 94 6
a 30 88 0 17 5
a 30 23 0 19 4
a 32 69 0 94 6
a 32 52 0 6 2
a 32 20 0 26 3
a 34 7 0 94 6
a 34 99 0 94 6
a 34 85 0 45 9
a 35 83 0 94 9
a 35 30 0 25 10
a 35 55 0 17 3
a 39 58 0 94 7
a 39 21 0 7 3
a 40 27 0 94 9
a 40 90 0 4 3
a 44 18 0 94 8
a 44 50 0 48 4
a 44 89 0 24 6
a 45 10 0 94 9
a 45 71 0 40 3
a 46 68 0 94 9
a 46 50 0 5 3
a 46 55 0 28 3
a 48 90 0 94 10
a 48 49 0 43 1
a 50 35 0 94 6
a 50 68 0 33 5
a 51 44 0 94 8
a 51 100 0 46 9
a 51 83 0 48 3
a 54 100 0 94 3
a 54 71 0 13 7
a 54 65 0 5 2
a 58 25 0 94 9
a 58 10 0 35 9
a 60 79 0 94 5
a 60 70 0 16 3
a 60 28 0 41 10
a 64 78 0 94 5
a 64 11 0 36 6
a 64 39 0 2 7
a 65 32 0 94 9
a 65 64 0 27 9
a 65 97 0 30 8
a 68 6 0 94 2
a 68 93 0 12 5
a 68 29 0 2 1
a 69 17 0 94 1
a 69 62 0 35 2
a 71 93 0 94 2
a 71 33 0 30 4
a 75 76 0 94 6
a 75 40 0 31 4
a 76 34 0 94 6
a 76 19 0 17 8
a 77 88 0 94 3
a 77 71 0 2 4
a 78 29 0 94 8
a 78 17 0 7 1
a 79 5 0 94 2
a 79 98 0 1 6
a 79 63 0 20 6
a 83 39 0 94 1
a 83 54 0 5 6
a 85 48 0 94 4
a 85 8 0 14 9
a 86 12 0 94 1
a 86 70 0 19 2
a 87 28 0 94 3
a 87 83 0 4 6
a 87 70 0 3 10
a 87 40 0 42 9
a 88 96 0 94 3
a 88 67 0 30 7
a 89 95 0 94 4
a 89 76 0 50 8
a 90 75 0 94 6
a 90 56 0 41 6
a 93 26 0 94 1
a 93 48 0 38 1
a 95 45 0 94 5
a 95 81 0 23 9
a 95 80 0 38 3
a 95 13 0 35 5
a 96 11 0 94 5
a 96 41 0 4 6
a 97 50 0 94 2
a 97 68 0 33 10
a 2 49 0 156 7
a 2 55 0 16 10
a 4 23 0 156 8
a 4 45 0 41 6
a 4 37 0 9 7
a 8 73 0 156 8
a 8 36 0 1 5
a 9 82 0 156 10
a 9 74 0 7 5
a 9 91 0 6 9
a 14 74 0 156 2
a 14 59 0 40 5
a 14 78 0 24 2
a 15 98 0 156 3
a 15 80 0 23 1
a 16 37 0 156 3
a 16 80 0 20 9
a 16 70 0 9 6
a 16 64 0 19 7
a 19 80 0 156 9
a 19 89 0 25 3
a 22 100 0 156 9
a 22 84 0 16 3
a 22 96 0 40 10
a 23 66 0 156 6
a 23 30 0 2 4
a 23 53 0 32 9
a 24 36 0 156 3
a 24 27 0 19 7
a 24 85 0 3 8
a 31 14 0 156 6
a 31 7 0 20 1
a 33 43 0 156 2
a 33 11 0 9 4
a 36 55 0 156 7
a 36 14 0 6 4
a 36 97 0 46 9
a 37 67 0 156 10
a 37 33 0 36 2
a 37 17 0 29 6
a 38 81 0 156 10
a 38 51 0 3 6
a 41 59 0 156 6
a 41 92 0 5 9
a 41 30 0 42 10
a 42 62 0 156 8
a 42 65 0 39 2
a 42 49 0 6 10
a 43 52 0 156 5
a 43 21 0 25 8
a 47 56 0 156 8
a 47 67 0 50 8
a 47 14 0 22 5
a 49 24 0 156 10
a 49 60 0 2 3
a 52 4 0 156 4
a 52 62 0 2 10
a 52 19 0 6 4
a 53 91 0 156 2
a 53 51 0 2 5
a 53 62 0 9 8
a 55 33 0 156 6
a 55 4 0 11 5
a 55 70 0 9 8
a 56 38 0 156 8
a 56 18 0 47 7
a 56 46 0 44 8
a 57 16 0 156 9
a 57 36 0 3 7
a 57 26 0 37 3
a 59 70 0 156 9
a 59 98 0 45 10
a 59 37 0 9 3
a 61 9 0 156 9
a 61 92 0 39 6
a 62 63 0 156 5
a 62 16 0 1 1
a 63 22 0 156 9
a 63 7 0 7 3
a 66 92 0 156 3
a 66 96 0 16 7
a 66 93 0 35 1
a 67 84 0 156 3
a 67 85 0 22 2
a 70 8 0 156 5
a 70 80 0 36 6
a 72 41 0 156 8
a 72 4 0 14 5
a 72 55 0 42 3
a 73 47 0 156 4
a 73 98 0 28 9
a 73 75 0 2 8
a 74 61 0 156 6
a 74 83 0 24 6
a 74 99 0 42 2
a 80 99 0 156 4
a 80 53 0 156 6
a 81 15 0 156 5
a 81 66 0 30 6
a 82 72 0 156 5
a 82 60 0 1 1
a 84 31 0 156 10
a 84 64 0 38 5
a 91 42 0 156 5
a 91 92 0 21 2
a 92 94 0 156 7
a 92 68 0 21 9
a 94 57 0 156 7
a 94 19 0 6 7
a 98 19 0 156 2
a 98 33 0 24 7
