c PyNETGEN v1.0.0
c $ pip install pynetgen
c
c  NETGEN flow network generation algorithm
c  Problem input parameters
c  -------------------------------------
c   Random seed:          63
c   Number of nodes:      100
c   Source nodes:         2
c   Sink nodes:           2
c   Number of arcs:       251
c   Minimum arc cost:     1
c   Maximum arc cost:     10
c   Total supply:         250
c   Transshipment -
c     Sources:            0
c     Sinks:              0
c   Skeleton arcs -
c     With max cost:      0
c     Capacitated:        100
c   Minimum arc capacity: 1
c   Maximum arc capacity: 50
c
c  *** Minimum cost flow ***
c
p min 100 251
n 1 151
n 2 99
n 99 -54
n 100 -196
a 1 8 0 151 4
a 1 36 0 13 7
a 4 89 0 151 3
a 4 88 0 42 7
a 4 16 0 39 7
a 6 94 0 151 3
a 6 86 0 35 10
a 6 14 0 47 6
a 6 84 0 37 2
a 8 39 0 151 5
a 8 3 0 10 8
a 9 56 0 151 7
a 9 4 0 9 10
a 9 5 0 21 9
a 12 47 0 151 3
a 12 62 0 48 7
a 12 15 0 19 9
a 17 79 0 151 2
a 17 36 0 23 1
a 17 27 0 39 10
a 17 83 0 49 9
a 19 50 0 151 10
a 19 67 0 17 4
a 19 91 0 3 9
a 22 80 0 151 5
a 22 58 0 23 5
a 23 28 0 151 4
a 23 92 0 40 9
a 23 12 0 33 6
a 24 68 0 151 2
a 24 7 0 49 3
a 24 27 0 12 3
a 24 83 0 29 2
a 25 29 0 151 9
a 25 44 0 49 1
a 26 84 0 151 4
a 26 41 0 4 10
a 28 57 0 151 5
a 28 42 0 17 6
a 28 85 0 3 6
a 29 26 0 151 10
a 29 34 0 25 1
a 30 23 0 151 5
a 30 53 0 18 1
a 31 51 0 151 7
a 31 4 0 6 9
a 31 94 0 42 3
a 31 27 0 15 7
a 33 67 0 151 2
a 33 95 0 38 6
a 33 23 0 16 6
a 34 31 0 151 9
a 34 99 0 151 9
a 34 4 0 27 3
a 34 71 0 43 10
a 36 22 0 151 9
a 36 33 0 9 5
a 38 12 0 151 2
a 38 72 0 19 3
a 39 52 0 151 4
a 39 63 0 29 7
a 39 33 0 39 9
a 41 70 0 151 10
a 41 100 0 14 1
a 45 49 0 151 9
a 45 40 0 7 1
a 47 65 0 151 9
a 47 77 0 4 4
a 47 4 0 45 3
a 48 9 0 151 8
a 48 58 0 48 10
a 49 61 0 151 7
a 49 58 0 23 10
a 50 48 0 151 8
a 50 15 0 22 6
a 51 74 0 151 8
a 51 32 0 40 6
a 51 97 0 45 5
a 52 36 0 151 2
a 52 34 0 36 2
a 52 44 0 15 5
a 55 30 0 151 10
a 55 24 0 29 10
a 56 24 0 151 6
a 56 7 0 2 3
a 57 19 0 151 5
a 57 60 0 35 2
a 57 21 0 47 10
a 57 87 0 28 6
a 58 45 0 151 4
a 58 57 0 44 6
a 58 87 0 18 5
a 60 38 0 151 5
a 60 52 0 50 1
a 61 33 0 151 9
a 61 47 0 32 6
a 61 30 0 46 4
a 65 58 0 151 10
a 65 8 0 29 3
a 66 34 0 151 2
a 66 15 0 34 8
a 67 25 0 151 3
a 67 97 0 45 8
a 68 60 0 151 3
a 68 45 0 24 3
a 70 97 0 151 10
a 70 25 0 7 10
a 74 55 0 151 2
a 74 9 0 22 4
a 76 66 0 151 10
a 76 10 0 3 4
a 76 32 0 27 2
a 79 6 0 151 2
a 79 89 0 2 7
a 79 50 0 29 2
a 80 76 0 151 3
a 80 96 0 6 3
a 80 43 0 37 1
a 84 4 0 151 7
a 84 87 0 48 9
a 84 21 0 16 9
a 86 17 0 151 8
a 86 85 0 8 3
a 88 100 0 151 6
a 88 14 0 28 7
a 89 86 0 151 7
a 89 15 0 5 1
a 94 41 0 151 6
a 94 96 0 43 5
a 94 95 0 38 8
a 97 88 0 151 10
a 97 74 0 30 9
a 97 98 0 22 10
a 97 86 0 16 8
a 2 37 0 99 5
a 2 33 0 49 2
a 3 46 0 99 5
a 3 25 0 14 5
a 3 72 0 27 9
a 5 77 0 99 4
a 5 16 0 50 7
a 5 58 0 48 3
a 7 82 0 99 3
a 7 40 0 16 1
a 10 53 0 99 3
a 10 83 0 50 2
a 11 35 0 99 4
a 11 28 0 29 10
a 13 21 0 99 3
a 13 40 0 5 3
a 13 41 0 25 4
a 14 5 0 99 5
a 14 92 0 15 1
a 15 83 0 99 1
a 15 92 0 47 9
a 16 93 0 99 9
a 16 62 0 13 2
a 16 9 0 33 1
a 18 92 0 99 7
a 18 22 0 49 6
a 20 69 0 99 2
a 20 45 0 20 8
a 21 40 0 99 6
a 21 98 0 37 6
a 27 75 0 99 1
a 27 65 0 40 2
a 32 96 0 99 8
a 32 28 0 13 2
a 32 10 0 35 9
a 32 99 0 42 10
a 35 85 0 99 3
a 35 91 0 36 8
a 37 3 0 99 3
a 37 82 0 23 6
a 40 98 0 99 5
a 40 81 0 41 3
a 42 73 0 99 6
a 42 15 0 9 6
a 43 15 0 99 5
a 43 98 0 19 9
a 43 38 0 39 9
a 43 69 0 27 1
a 44 71 0 99 9
a 44 85 0 42 1
a 44 97 0 23 2
a 44 47 0 1 1
a 46 16 0 99 6
a 46 59 0 48 10
a 46 32 0 26 7
a 53 42 0 99 7
a 53 79 0 50 2
a 54 43 0 99 5
a 54 33 0 37 9
a 54 99 0 12 7
a 59 91 0 99 10
a 59 19 0 34 3
a 59 15 0 17 9
a 62 72 0 99 9
a 62 17 0 31 7
a 63 10 0 99 6
a 63 65 0 49 6
a 64 14 0 99 7
a 64 30 0 41 5
a 69 18 0 99 9
a 69 23 0 7 2
a 69 11 0 23 2
a 71 7 0 99 2
a 71 65 0 46 6
a 72 59 0 99 3
a 72 66 0 4 6
a 72 41 0 28 7
a 73 81 0 99 1
a 73 36 0 4 3
a 73 46 0 8 3
a 75 100 0 99 10
a 75 99 0 30 7
a 77 63 0 99 5
a 77 49 0 22 9
a 78 13 0 99 9
a 78 7 0 27 4
a 78 61 0 24 7
a 81 32 0 99 8
a 81 67 0 31 3
a 81 5 0 8 8
a 82 87 0 99 2
a 82 97 0 45 4
a 83 62 0 99 10
a 83 44 0 43 5
a 85 27 0 99 10
a 85 21 0 17 8
a 87 11 0 99 3
a 87 56 0 29 10
a 90 64 0 99 8
a 90 95 0 8 4
a 90 12 0 30 4
a 91 90 0 99 10
a 91 82 0 30 4
a 92 95 0 99 4
a 92 35 0 6 2
a 93 54 0 99 3
a 93 36 0 11 2
a 93 98 0 13 10
a 93 42 0 9 6
a 95 78 0 99 4
a 95 99 0 99 7
a 95 17 0 2 4
a 95 53 0 44 8
a 96 20 0 99 6
a 96 81 0 47 5
a 98 44 0 99 3
a 98 24 0 23 2
