c PyNETGEN v1.0.0
c $ pip install pynetgen
c
c  NETGEN flow network generation algorithm
c  Problem input parameters
c  -------------------------------------
c   Random seed:          26
c   Number of nodes:      100
c   Source nodes:         2
c   Sink nodes:           2
c   Number of arcs:       251
c   Minimum arc cost:     1
c   Maximum arc cost:     10
c   Total supply:         250
c   Transshipment -
c     Sources:            0
c     Sinks:              0
c   Skeleton arcs -
c     With max cost:      0
c     Capacitated:        100
c   Minimum arc capacity: 1
c   Maximum arc capacity: 50
c
c  *** Minimum cost flow ***
c
p min 100 251
n 1 108
n 2 142
n 99 -134
n 100 -116
a 1 56 0 108 9
a 1 61 0 29 7
a 1 93 0 29 7
a 1 51 0 19 6
a 3 22 0 108 4
a 3 73 0 36 4
a 3 64 0 48 8
a 4 73 0 108 9
a 4 88 0 36 7
a 4 80 0 48 10
a 8 20 0 108 1
a 8 9 0 8 1
a 9 81 0 108 8
a 9 77 0 44 9
a 12 15 0 108 6
a 12 25 0 21 9
a 14 50 0 108 9
a 14 57 0 44 1
a 15 100 0 108 7
a 15 28 0 26 8
a 15 66 0 39 10
a 15 33 0 14 10
a 17 36 0 108 3
a 17 59 0 17 7
a 19 33 0 108 2
a 19 79 0 45 9
a 19 22 0 1 5
a 19 28 0 22 8
a 20 40 0 108 1
a 20 66 0 20 6
a 20 32 0 15 3
a 21 94 0 108 6
a 21 7 0 31 2
a 21 76 0 17 8
a 21 14 0 8 1
a 22 44 0 108 8
a 22 39 0 41 9
a 22 79 0 35 7
a 25 4 0 108 2
a 25 21 0 36 5
a 26 9 0 108 8
a 26 85 0 3 1
a 26 25 0 15 1
a 26 19 0 16 1
a 27 86 0 108 3
a 27 88 0 33 6
a 27 15 0 45 1
a 29 68 0 108 8
a 29 70 0 20 1
a 31 17 0 108 4
a 31 9 0 28 6
a 33 62 0 108 10
a 33 72 0 47 10
a 33 35 0 14 7
a 35 71 0 108 1
a 35 89 0 3 2
a 35 4 0 21 9
a 36 19 0 108 10
a 36 14 0 44 8
a 36 78 0 17 5
a 40 54 0 108 9
a 40 45 0 46 4
a 40 36 0 13 10
a 41 3 0 108 6
a 41 14 0 22 8
a 44 35 0 108 1
a 44 100 0 12 8
a 47 12 0 108 1
a 47 45 0 30 6
a 47 21 0 20 10
a 49 75 0 108 8
a 49 6 0 11 5
a 50 77 0 108 8
a 50 41 0 40 2
a 51 27 0 108 10
a 51 88 0 36 6
a 54 65 0 108 6
a 54 61 0 47 6
a 54 96 0 29 8
a 56 14 0 108 5
a 56 84 0 23 5
a 56 63 0 36 8
a 58 69 0 108 8
a 58 28 0 31 1
a 58 75 0 39 5
a 59 31 0 108 5
a 59 99 0 108 8
a 59 77 0 30 1
a 59 42 0 44 2
a 62 66 0 108 9
a 62 41 0 42 8
a 62 13 0 49 6
a 65 95 0 108 3
a 65 83 0 46 3
a 66 72 0 108 6
a 66 53 0 44 4
a 68 88 0 108 9
a 68 31 0 26 10
a 68 70 0 27 10
a 69 49 0 108 7
a 69 66 0 42 6
a 71 29 0 108 9
a 71 82 0 4 5
a 71 7 0 39 3
a 72 83 0 108 4
a 72 58 0 31 7
a 73 21 0 108 6
a 73 82 0 13 7
a 75 8 0 108 8
a 75 5 0 50 7
a 75 85 0 22 6
a 77 25 0 108 10
a 77 90 0 47 3
a 77 61 0 44 8
a 81 59 0 108 4
a 81 58 0 21 3
a 83 41 0 108 3
a 83 38 0 7 2
a 86 97 0 108 2
a 86 35 0 39 2
a 86 98 0 35 1
a 88 51 0 108 5
a 88 26 0 7 5
a 88 3 0 49 1
a 94 58 0 108 2
a 94 23 0 1 8
a 95 26 0 108 7
a 95 88 0 5 9
a 97 47 0 108 4
a 97 72 0 15 4
a 97 58 0 50 2
a 2 61 0 142 5
a 2 63 0 10 2
a 5 38 0 142 10
a 5 87 0 5 10
a 6 55 0 142 6
a 6 79 0 8 7
a 7 16 0 142 8
a 7 30 0 47 2
a 7 4 0 45 9
a 10 53 0 142 7
a 10 74 0 17 2
a 10 21 0 1 5
a 11 98 0 142 1
a 11 69 0 24 5
a 11 92 0 33 7
a 13 91 0 142 4
a 13 87 0 38 4
a 13 68 0 37 7
a 16 92 0 142 1
a 16 72 0 16 1
a 16 50 0 39 2
a 18 74 0 142 7
a 18 43 0 25 6
a 18 99 0 36 1
a 23 42 0 142 3
a 23 40 0 27 8
a 23 26 0 4 7
a 24 84 0 142 5
a 24 31 0 30 8
a 28 43 0 142 5
a 28 19 0 36 7
a 30 78 0 142 10
a 30 20 0 41 5
a 32 10 0 142 7
a 32 53 0 13 9
a 34 57 0 142 1
a 34 95 0 49 3
a 34 93 0 26 3
a 37 45 0 142 6
a 37 63 0 24 2
a 38 100 0 142 10
a 38 88 0 49 1
a 38 18 0 44 8
a 39 24 0 142 9
a 39 92 0 37 10
a 39 27 0 35 10
a 42 99 0 142 3
a 42 13 0 142 9
a 42 70 0 8 10
a 42 30 0 18 6
a 43 60 0 142 8
a 43 53 0 12 10
a 43 32 0 43 10
a 45 63 0 142 9
a 45 54 0 47 1
a 46 32 0 142 9
a 46 83 0 32 4
a 48 96 0 142 6
a 48 23 0 22 10
a 48 10 0 10 10
a 52 23 0 142 2
a 52 98 0 14 8
a 52 86 0 37 6
a 53 67 0 142 2
a 53 28 0 31 6
a 55 52 0 142 4
a 55 74 0 18 10
a 57 11 0 142 1
a 57 68 0 3 9
a 57 4 0 12 10
a 60 64 0 142 10
a 60 18 0 32 6
a 61 89 0 142 4
a 61 75 0 38 7
a 61 74 0 16 10
a 63 80 0 142 4
a 63 84 0 39 2
a 63 15 0 35 2
a 64 90 0 142 6
a 64 89 0 26 9
a 67 37 0 142 9
a 67 55 0 20 10
a 67 9 0 40 9
a 70 79 0 142 3
a 70 68 0 9 8
a 74 82 0 142 9
a 74 48 0 28 8
a 76 70 0 142 2
a 76 30 0 27 6
a 76 63 0 19 10
a 78 46 0 142 10
a 78 69 0 47 10
a 78 66 0 1 1
a 79 93 0 142 5
a 79 3 0 24 1
a 79 89 0 4 10
a 80 5 0 142 4
a 80 35 0 20 8
a 82 7 0 142 5
a 82 30 0 47 3
a 84 28 0 142 5
a 84 76 0 11 9
a 85 76 0 142 10
a 85 60 0 38 8
a 87 30 0 142 4
a 87 20 0 32 5
a 89 18 0 142 5
a 89 47 0 40 6
a 90 6 0 142 6
a 90 55 0 27 5
a 91 87 0 142 3
a 91 97 0 38 6
a 92 85 0 142 8
a 92 43 0 40 10
a 93 48 0 142 9
a 93 75 0 20 10
a 96 34 0 142 8
a 96 44 0 9 5
a 98 39 0 142 1
a 98 76 0 40 8
