c PyNETGEN v1.0.0
c $ pip install pynetgen
c
c  NETGEN flow network generation algorithm
c  Problem input parameters
c  -------------------------------------
c   Random seed:          24
c   Number of nodes:      100
c   Source nodes:         2
c   Sink nodes:           2
c   Number of arcs:       251
c   Minimum arc cost:     1
c   Maximum arc cost:     10
c   Total supply:         250
c   Transshipment -
c     Sources:            0
c     Sinks:              0
c   Skeleton arcs -
c     With max cost:      0
c     Capacitated:        100
c   Minimum arc capacity: 1
c   Maximum arc capacity: 50
c
c  *** Minimum cost flow ***
c
p min 100 251
n 1 119
n 2 131
n 99 -60
n 100 -190
a 1 40 0 119 2
a 1 79 0 18 8
a 1 18 0 13 2
a 7 26 0 119 10
a 7 53 0 11 6
a 7 30 0 34 10
a 7 93 0 10 5
a 8 10 0 119 7
a 8 69 0 36 3
a 8 6 0 3 4
a 8 48 0 40 9
a 10 16 0 119 5
a 10 43 0 27 6
a 10 75 0 2 1
a 16 97 0 119 1
a 16 62 0 12 2
a 17 85 0 119 9
a 17 88 0 16 1
a 17 82 0 14 8
a 20 28 0 119 5
a 20 73 0 39 4
a 20 50 0 1 6
a 20 78 0 4 3
a 22 74 0 119 4
a 22 19 0 44 2
a 22 14 0 7 3
a 24 70 0 119 6
a 24 60 0 7 7
a 25 24 0 119 3
a 25 47 0 12 6
a 25 92 0 25 7
a 26 42 0 119 5
a 26 21 0 31 9
a 28 94 0 119 9
a 28 41 0 12 8
a 28 27 0 24 6
a 29 98 0 119 4
a 29 65 0 19 2
a 33 46 0 119 9
a 33 70 0 46 2
a 33 98 0 25 9
a 34 62 0 119 4
a 34 30 0 6 7
a 38 43 0 119 4
a 38 6 0 14 1
a 38 19 0 5 7
a 40 7 0 119 6
a 40 59 0 35 7
a 40 17 0 7 6
a 42 38 0 119 4
a 42 52 0 49 2
a 43 17 0 119 6
a 43 11 0 36 7
a 43 50 0 27 8
a 44 34 0 119 7
a 44 16 0 1 3
a 44 12 0 2 5
a 46 8 0 119 6
a 46 84 0 47 5
a 48 96 0 119 4
a 48 6 0 47 4
a 48 11 0 43 3
a 52 76 0 119 6
a 52 36 0 22 6
a 52 14 0 50 5
a 54 95 0 119 1
a 54 39 0 20 10
a 59 25 0 119 6
a 59 70 0 35 1
a 59 19 0 21 5
a 62 77 0 119 3
a 62 94 0 22 7
a 62 86 0 8 4
a 70 22 0 119 1
a 70 3 0 46 3
a 72 52 0 119 3
a 72 32 0 47 1
a 72 22 0 41 9
a 74 90 0 119 6
a 74 59 0 23 4
a 76 100 0 119 1
a 76 84 0 119 1
a 76 80 0 1 8
a 77 87 0 119 6
a 77 94 0 41 1
a 82 99 0 119 5
a 82 52 0 33 5
a 82 11 0 2 2
a 84 91 0 119 9
a 84 16 0 14 6
a 84 53 0 6 9
a 85 33 0 119 3
a 85 76 0 44 2
a 85 40 0 31 3
a 87 82 0 119 10
a 87 100 0 16 5
a 87 31 0 31 4
a 90 48 0 119 1
a 90 30 0 37 5
a 91 44 0 119 10
a 91 81 0 21 9
a 91 32 0 21 7
a 94 29 0 119 1
a 94 16 0 23 8
a 94 23 0 48 4
a 95 72 0 119 7
a 95 4 0 10 6
a 95 84 0 6 4
a 96 20 0 119 10
a 96 48 0 20 2
a 97 59 0 119 7
a 97 19 0 27 8
a 97 78 0 50 6
a 98 54 0 119 1
a 98 94 0 23 3
a 98 58 0 43 1
a 2 93 0 131 4
a 2 3 0 13 1
a 3 9 0 131 2
a 3 17 0 44 6
a 3 48 0 21 2
a 4 61 0 131 6
a 4 67 0 10 9
a 4 39 0 39 4
a 5 88 0 131 3
a 5 62 0 47 4
a 6 45 0 131 7
a 6 12 0 11 7
a 6 39 0 20 5
a 9 66 0 131 1
a 9 3 0 1 8
a 11 5 0 131 5
a 11 79 0 12 5
a 12 81 0 131 7
a 12 79 0 28 1
a 12 13 0 5 1
a 13 23 0 131 3
a 13 58 0 17 6
a 13 76 0 5 6
a 14 31 0 131 7
a 14 87 0 46 3
a 14 95 0 49 5
a 15 75 0 131 3
a 15 96 0 36 5
a 15 59 0 17 9
a 18 57 0 131 2
a 18 99 0 13 3
a 18 45 0 44 6
a 19 37 0 131 8
a 19 67 0 27 7
a 21 18 0 131 1
a 21 37 0 25 1
a 21 53 0 23 10
a 23 78 0 131 2
a 23 8 0 43 3
a 23 11 0 28 5
a 27 6 0 131 6
a 27 56 0 2 4
a 27 34 0 20 2
a 30 49 0 131 4
a 30 50 0 1 6
a 31 35 0 131 1
a 31 59 0 29 6
a 32 39 0 131 9
a 32 33 0 24 1
a 35 73 0 131 4
a 35 69 0 50 5
a 35 34 0 13 1
a 36 56 0 131 6
a 36 71 0 18 6
a 36 16 0 32 4
a 37 4 0 131 8
a 37 48 0 36 8
a 37 18 0 7 6
a 39 41 0 131 10
a 39 46 0 34 5
a 41 14 0 131 5
a 41 31 0 18 6
a 41 93 0 42 9
a 45 19 0 131 9
a 45 33 0 33 7
a 47 12 0 131 3
a 47 80 0 36 9
a 49 65 0 131 2
a 49 19 0 20 4
a 49 20 0 8 6
a 50 83 0 131 1
a 50 79 0 7 1
a 51 50 0 131 5
a 51 67 0 47 7
a 53 27 0 131 5
a 53 18 0 31 4
a 55 60 0 131 10
a 55 64 0 5 2
a 56 13 0 131 4
a 56 90 0 47 8
a 57 69 0 131 8
a 57 53 0 14 7
a 57 98 0 5 1
a 58 92 0 131 1
a 58 44 0 19 4
a 58 66 0 41 8
a 60 89 0 131 2
a 60 51 0 29 4
a 60 15 0 10 3
a 61 80 0 131 8
a 61 92 0 13 6
a 61 43 0 3 9
a 63 30 0 131 5
a 63 7 0 36 5
a 63 94 0 11 10
a 64 51 0 131 5
a 64 90 0 29 6
a 64 94 0 13 9
a 65 55 0 131 7
a 65 37 0 43 8
a 66 68 0 131 5
a 66 31 0 50 10
a 67 79 0 131 5
a 67 47 0 48 6
a 68 11 0 131 1
a 68 82 0 19 9
a 68 22 0 11 7
a 69 47 0 131 10
a 69 10 0 12 1
a 71 36 0 131 2
a 71 82 0 40 4
a 73 64 0 131 9
a 73 13 0 43 1
a 75 21 0 131 8
a 75 87 0 32 9
a 78 58 0 131 7
a 78 68 0 18 2
a 79 15 0 131 10
a 79 72 0 43 2
a 80 32 0 131 3
a 80 11 0 44 3
a 81 86 0 131 7
a 81 68 0 27 7
a 83 99 0 131 9
a 83 100 0 131 5
a 86 3 0 131 1
a 86 15 0 8 3
a 88 71 0 131 7
a 88 74 0 17 4
a 89 53 0 131 7
a 89 3 0 3 4
a 92 63 0 131 10
a 92 75 0 18 7
a 93 67 0 131 6
a 93 54 0 33 3
