c PyNETGEN v1.0.0
c $ pip install pynetgen
c
c  NETGEN flow network generation algorithm
c  Problem input parameters
c  -------------------------------------
c   Random seed:          95
c   Number of nodes:      100
c   Source nodes:         2
c   Sink nodes:           2
c   Number of arcs:       251
c   Minimum arc cost:     1
c   Maximum arc cost:     10
c   Total supply:         250
c   Transshipment -
c     Sources:            0
c     Sinks:              0
c   Skeleton arcs -
c     With max cost:      0
c     Capacitated:        100
c   Minimum arc capacity: 1
c   Maximum arc capacity: 50
c
c  *** Minimum cost flow ***
c
p min 100 251
n 1 41
n 2 209
n 99 -123
n 100 -127
a 1 47 0 41 3
a 1 7 0 21 3
a 1 76 0 3 9
a 3 40 0 41 4
a 3 32 0 21 10
a 4 15 0 41 7
a 4 26 0 49 3
a 5 83 0 41 8
a 5 60 0 19 10
a 5 73 0 13 4
a 5 56 0 13 5
a 7 27 0 41 9
a 7 37 0 29 5
a 9 34 0 41 10
a 9 7 0 49 10
a 9 83 0 48 5
a 10 93 0 41 7
a 10 97 0 6 9
a 10 26 0 8 9
a 10 35 0 20 8
a 11 7 0 41 7
a 11 90 0 2 5
a 11 60 0 23 10
a 12 71 0 41 8
a 12 51 0 3 3
a 12 78 0 31 1
a 12 17 0 36 3
a 15 99 0 41 3
a 15 76 0 30 2
a 15 50 0 41 1
a 16 37 0 41 6
a 16 98 0 26 4
a 17 74 0 41 1
a 17 30 0 35 5
a 17 54 0 47 7
a 18 30 0 41 10
a 18 41 0 32 3
a 19 84 0 41 4
a 19 65 0 40 1
a 21 90 0 41 4
a 21 30 0 42 3
a 22 4 0 41 4
a 22 53 0 49 4
a 26 78 0 41 6
a 26 72 0 23 1
a 26 98 0 28 1
a 27 61 0 41 6
a 27 100 0 41 2
a 27 51 0 43 10
a 29 77 0 41 8
a 29 31 0 45 3
a 29 71 0 22 10
a 29 27 0 22 9
a 30 17 0 41 4
a 30 13 0 27 1
a 30 9 0 26 1
a 33 16 0 41 2
a 33 69 0 24 6
a 33 53 0 34 4
a 34 66 0 41 6
a 34 31 0 6 8
a 34 55 0 21 6
a 35 33 0 41 9
a 35 9 0 18 2
a 35 62 0 34 7
a 36 51 0 41 3
a 36 17 0 30 1
a 37 72 0 41 1
a 37 85 0 46 10
a 39 5 0 41 3
a 39 85 0 48 8
a 39 37 0 30 4
a 40 41 0 41 2
a 40 98 0 46 3
a 40 95 0 34 7
a 41 19 0 41 10
a 41 4 0 6 5
a 41 37 0 13 5
a 47 29 0 41 1
a 47 93 0 42 1
a 47 69 0 33 6
a 50 22 0 41 9
a 50 6 0 31 6
a 50 37 0 7 2
a 51 39 0 41 5
a 51 88 0 20 2
a 57 26 0 41 3
a 57 19 0 19 10
a 57 74 0 26 9
a 59 10 0 41 1
a 59 95 0 37 4
a 59 14 0 25 4
a 61 21 0 41 10
a 61 22 0 43 10
a 62 18 0 41 2
a 62 58 0 6 3
a 65 62 0 41 8
a 65 4 0 4 6
a 66 89 0 41 8
a 66 21 0 9 2
a 68 11 0 41 7
a 68 74 0 35 2
a 71 65 0 41 10
a 71 50 0 31 8
a 72 59 0 41 1
a 72 12 0 2 10
a 73 57 0 41 9
a 73 9 0 41 9
a 73 3 0 10 6
a 74 96 0 41 2
a 74 40 0 42 4
a 77 80 0 41 5
a 77 18 0 9 4
a 77 74 0 35 8
a 78 3 0 41 8
a 78 59 0 30 9
a 78 61 0 28 2
a 80 73 0 41 7
a 80 29 0 22 2
a 81 50 0 41 10
a 81 90 0 19 7
a 83 9 0 41 5
a 83 85 0 22 3
a 83 71 0 6 8
a 84 95 0 41 2
a 84 58 0 3 10
a 84 71 0 12 1
a 86 68 0 41 7
a 86 58 0 33 1
a 86 62 0 20 5
a 89 35 0 41 5
a 89 18 0 31 6
a 90 12 0 41 2
a 90 6 0 27 10
a 93 86 0 41 10
a 93 40 0 48 9
a 95 36 0 41 3
a 95 51 0 20 3
a 96 81 0 41 10
a 96 10 0 4 8
a 96 4 0 5 8
a 2 91 0 209 5
a 2 9 0 44 10
a 6 25 0 209 7
a 6 78 0 44 9
a 6 96 0 22 3
a 8 38 0 209 2
a 8 88 0 4 10
a 13 46 0 209 9
a 13 4 0 24 4
a 13 15 0 29 3
a 14 24 0 209 1
a 14 31 0 12 5
a 20 48 0 209 4
a 20 78 0 8 6
a 23 44 0 209 9
a 23 57 0 26 6
a 23 73 0 4 5
a 24 75 0 209 9
a 24 23 0 6 2
a 25 52 0 209 4
a 25 79 0 43 9
a 25 47 0 21 9
a 28 67 0 209 3
a 28 57 0 25 7
a 31 94 0 209 5
a 31 5 0 30 3
a 31 84 0 28 3
a 31 46 0 47 5
a 32 98 0 209 1
a 32 79 0 1 4
a 32 64 0 17 10
a 38 14 0 209 7
a 38 16 0 33 9
a 38 32 0 36 6
a 42 32 0 209 6
a 42 57 0 30 10
a 43 28 0 209 7
a 43 75 0 34 3
a 44 8 0 209 5
a 44 93 0 16 9
a 44 31 0 47 6
a 45 87 0 209 3
a 45 98 0 2 1
a 45 28 0 16 6
a 46 43 0 209 6
a 46 23 0 24 6
a 48 42 0 209 5
a 48 79 0 32 1
a 48 19 0 48 2
a 49 45 0 209 3
a 49 39 0 30 6
a 49 73 0 35 4
a 52 55 0 209 7
a 52 33 0 15 8
a 52 57 0 16 8
a 53 88 0 209 5
a 53 12 0 42 7
a 54 85 0 209 1
a 54 3 0 38 10
a 55 31 0 209 4
a 55 50 0 48 5
a 55 36 0 42 5
a 56 49 0 209 5
a 56 39 0 20 9
a 58 60 0 209 2
a 58 99 0 209 10
a 58 69 0 37 7
a 60 76 0 209 6
a 60 41 0 24 9
a 63 100 0 209 2
a 63 83 0 13 4
a 63 77 0 3 10
a 64 54 0 209 2
a 64 26 0 27 2
a 64 70 0 36 8
a 67 97 0 209 8
a 67 42 0 6 7
a 67 87 0 16 4
a 69 53 0 209 5
a 69 76 0 20 6
a 69 6 0 6 4
a 70 20 0 209 1
a 70 58 0 31 1
a 75 69 0 209 4
a 75 3 0 13 4
a 76 23 0 209 5
a 76 61 0 27 7
a 76 96 0 6 5
a 79 6 0 209 7
a 79 73 0 48 4
a 82 70 0 209 2
a 82 26 0 48 5
a 85 79 0 209 10
a 85 99 0 4 5
a 87 58 0 209 1
a 87 29 0 23 6
a 88 64 0 209 1
a 88 92 0 38 4
a 88 77 0 11 10
a 91 56 0 209 5
a 91 92 0 6 1
a 92 63 0 209 9
a 92 18 0 17 10
a 92 87 0 34 10
a 94 13 0 209 9
a 94 41 0 31 7
a 97 82 0 209 1
a 97 48 0 8 2
a 98 92 0 209 5
a 98 3 0 43 5
