c PyNETGEN v1.0.0
c $ pip install pynetgen
c
c  NETGEN flow network generation algorithm
c  Problem input parameters
c  -------------------------------------
c   Random seed:          43
c   Number of nodes:      100
c   Source nodes:         2
c   Sink nodes:           2
c   Number of arcs:       251
c   Minimum arc cost:     1
c   Maximum arc cost:     10
c   Total supply:         250
c   Transshipment -
c     Sources:            0
c     Sinks:              0
c   Skeleton arcs -
c     With max cost:      0
c     Capacitated:        100
c   Minimum arc capacity: 1
c   Maximum arc capacity: 50
c
c  *** Minimum cost flow ***
c
p min 100 251
n 1 125
n 2 125
n 99 -148
n 100 -102
a 1 68 0 125 4
a 1 86 0 12 1
a 1 92 0 44 1
a 1 71 0 8 5
a 5 79 0 125 5
a 5 70 0 34 7
a 5 62 0 2 6
a 5 32 0 39 9
a 6 71 0 125 9
a 6 4 0 16 3
a 6 14 0 3 8
a 6 30 0 22 10
a 7 61 0 125 2
a 7 4 0 1 2
a 7 75 0 33 6
a 10 89 0 125 2
a 10 81 0 28 4
a 11 63 0 125 7
a 11 39 0 43 5
a 13 24 0 125 7
a 13 81 0 8 5
a 13 9 0 23 4
a 14 27 0 125 9
a 14 42 0 26 1
a 14 85 0 45 3
a 15 45 0 125 3
a 15 62 0 33 9
a 15 82 0 8 8
a 15 35 0 50 10
a 16 11 0 125 10
a 16 83 0 2 6
a 16 63 0 40 8
a 22 60 0 125 5
a 22 85 0 47 8
a 23 52 0 125 10
a 23 35 0 43 6
a 24 15 0 125 2
a 24 37 0 3 1
a 24 31 0 25 10
a 26 84 0 125 8
a 26 25 0 12 6
a 27 46 0 125 7
a 27 8 0 15 1
a 28 26 0 125 3
a 28 34 0 9 7
a 29 23 0 125 1
a 29 52 0 5 9
a 30 51 0 125 1
a 30 57 0 32 2
a 30 9 0 8 9
a 30 16 0 26 7
a 36 93 0 125 9
a 36 14 0 17 2
a 38 29 0 125 5
a 38 36 0 5 1
a 41 53 0 125 7
a 41 84 0 13 8
a 41 58 0 8 3
a 41 54 0 8 7
a 44 10 0 125 4
a 44 99 0 125 5
a 44 95 0 19 6
a 45 82 0 125 7
a 45 71 0 35 2
a 46 7 0 125 4
a 46 90 0 29 1
a 48 98 0 125 4
a 48 79 0 22 2
a 48 52 0 5 6
a 51 36 0 125 9
a 51 93 0 2 1
a 52 14 0 125 7
a 52 18 0 13 9
a 52 17 0 13 2
a 53 13 0 125 6
a 53 54 0 2 9
a 53 32 0 23 5
a 60 6 0 125 10
a 60 5 0 28 1
a 60 16 0 19 7
a 61 22 0 125 3
a 61 26 0 28 1
a 61 46 0 27 9
a 63 70 0 125 6
a 63 49 0 27 9
a 64 81 0 125 10
a 64 11 0 26 7
a 64 48 0 5 7
a 66 80 0 125 4
a 66 67 0 25 7
a 68 76 0 125 5
a 68 75 0 29 1
a 68 73 0 13 5
a 70 87 0 125 10
a 70 57 0 22 3
a 70 96 0 17 4
a 71 48 0 125 9
a 71 10 0 4 2
a 73 41 0 125 3
a 73 13 0 4 9
a 73 82 0 9 7
a 76 77 0 125 9
a 76 16 0 18 4
a 77 64 0 125 9
a 77 72 0 2 5
a 77 97 0 39 5
a 79 73 0 125 3
a 79 13 0 14 4
a 79 5 0 13 10
a 80 38 0 125 1
a 80 72 0 47 8
a 80 66 0 44 1
a 81 66 0 125 4
a 81 80 0 49 8
a 81 51 0 19 5
a 82 16 0 125 7
a 82 94 0 11 1
a 84 100 0 125 5
a 84 94 0 30 5
a 84 29 0 38 4
a 87 44 0 125 8
a 87 55 0 14 9
a 87 48 0 7 5
a 89 94 0 125 7
a 89 16 0 20 4
a 89 95 0 50 3
a 93 28 0 125 4
a 93 6 0 23 1
a 94 30 0 125 4
a 94 16 0 36 6
a 94 26 0 14 9
a 98 5 0 125 7
a 98 53 0 44 8
a 98 37 0 19 1
a 2 72 0 125 9
a 2 58 0 27 6
a 3 25 0 125 3
a 3 34 0 7 6
a 3 77 0 7 6
a 4 19 0 125 1
a 4 71 0 37 1
a 8 47 0 125 3
a 8 16 0 41 9
a 9 4 0 125 4
a 9 75 0 48 1
a 9 20 0 8 5
a 12 56 0 125 10
a 12 48 0 24 1
a 12 90 0 44 4
a 17 65 0 125 1
a 17 71 0 49 7
a 18 90 0 125 9
a 18 12 0 4 3
a 19 75 0 125 3
a 19 76 0 35 10
a 19 12 0 22 6
a 20 40 0 125 1
a 20 77 0 42 7
a 21 83 0 125 8
a 21 98 0 45 2
a 25 50 0 125 3
a 25 78 0 20 7
a 25 31 0 3 5
a 31 3 0 125 10
a 31 83 0 7 5
a 31 92 0 35 8
a 32 18 0 125 4
a 32 10 0 26 6
a 32 84 0 44 5
a 33 39 0 125 8
a 33 24 0 2 6
a 33 52 0 13 9
a 34 59 0 125 1
a 34 94 0 44 2
a 35 67 0 125 7
a 35 36 0 11 6
a 35 59 0 12 6
a 37 62 0 125 3
a 37 53 0 28 7
a 37 94 0 27 8
a 39 9 0 125 6
a 39 42 0 41 4
a 39 94 0 39 6
a 40 42 0 125 4
a 40 94 0 13 3
a 40 73 0 3 10
a 42 92 0 125 5
a 42 59 0 16 9
a 42 13 0 30 7
a 43 12 0 125 7
a 43 50 0 29 6
a 43 92 0 8 1
a 47 35 0 125 8
a 47 68 0 14 10
a 49 91 0 125 5
a 49 22 0 3 10
a 50 49 0 125 4
a 50 76 0 31 5
a 50 24 0 35 3
a 54 37 0 125 9
a 54 51 0 33 1
a 55 86 0 125 1
a 55 69 0 22 8
a 55 88 0 37 7
a 56 17 0 125 2
a 56 95 0 24 7
a 56 40 0 49 10
a 57 20 0 125 2
a 57 25 0 37 9
a 57 89 0 16 3
a 58 74 0 125 1
a 58 39 0 35 10
a 58 96 0 12 4
a 59 54 0 125 9
a 59 28 0 9 1
a 62 8 0 125 1
a 62 17 0 12 10
a 65 57 0 125 3
a 65 53 0 34 10
a 67 85 0 125 3
a 67 86 0 22 7
a 69 31 0 125 1
a 69 59 0 3 6
a 72 78 0 125 8
a 72 22 0 50 1
a 74 95 0 125 8
a 74 3 0 1 3
a 75 43 0 125 3
a 75 50 0 18 3
a 78 96 0 125 6
a 78 46 0 34 7
a 83 55 0 125 3
a 83 66 0 3 2
a 85 58 0 125 9
a 85 18 0 18 10
a 86 97 0 125 9
a 86 64 0 5 3
a 88 100 0 125 5
a 88 21 0 125 4
a 90 33 0 125 8
a 90 37 0 33 7
a 91 88 0 125 3
a 91 52 0 47 5
a 92 99 0 125 3
a 92 88 0 15 3
a 95 32 0 125 7
a 95 52 0 10 10
a 96 69 0 125 8
a 96 21 0 46 9
a 97 34 0 125 2
a 97 14 0 8 2
