c PyNETGEN v1.0.0
c $ pip install pynetgen
c
c  NETGEN flow network generation algorithm
c  Problem input parameters
c  -------------------------------------
c   Random seed:          51
c   Number of nodes:      100
c   Source nodes:         2
c   Sink nodes:           2
c   Number of arcs:       251
c   Minimum arc cost:     1
c   Maximum arc cost:     10
c   Total supply:         250
c   Transshipment -
c     Sources:            0
c     Sinks:              0
c   Skeleton arcs -
c     With max cost:      0
c     Capacitated:        100
c   Minimum arc capacity: 1
c   Maximum arc capacity: 50
c
c  *** Minimum cost flow ***
c
p min 100 251
n 1 33
n 2 217
n 99 -215
n 100 -35
a 1 70 0 33 2
a 1 79 0 3 10
a 1 97 0 49 7
a 1 60 0 21 1
a 6 65 0 33 4
a 6 95 0 45 10
a 6 96 0 4 5
a 6 5 0 41 7
a 7 10 0 33 6
a 7 35 0 49 4
a 7 65 0 17 4
a 10 36 0 33 10
a 10 34 0 46 9
a 10 18 0 19 1
a 11 20 0 33 3
a 11 33 0 41 10
a 11 87 0 45 10
a 13 22 0 33 3
a 13 71 0 15 6
a 14 54 0 33 7
a 14 18 0 5 6
a 14 91 0 22 10
a 14 94 0 42 8
a 16 28 0 33 5
a 16 32 0 27 10
a 16 41 0 45 9
a 17 68 0 33 10
a 17 14 0 12 1
a 18 75 0 33 2
a 18 4 0 35 1
a 20 73 0 33 2
a 20 14 0 20 10
a 22 100 0 33 4
a 22 34 0 33 3
a 22 92 0 5 7
a 22 62 0 27 6
a 23 83 0 33 3
a 23 87 0 19 1
a 25 14 0 33 9
a 25 13 0 35 4
a 27 47 0 33 4
a 27 54 0 14 7
a 27 4 0 36 1
a 28 11 0 33 2
a 28 82 0 41 9
a 31 43 0 33 2
a 31 50 0 21 1
a 31 63 0 20 10
a 31 72 0 33 4
a 34 98 0 33 3
a 34 77 0 27 2
a 34 52 0 1 5
a 35 39 0 33 7
a 35 84 0 3 7
a 36 79 0 33 6
a 36 35 0 33 9
a 39 16 0 33 9
a 39 98 0 47 2
a 40 60 0 33 9
a 40 25 0 32 6
a 40 3 0 9 1
a 43 80 0 33 7
a 43 56 0 11 10
a 43 57 0 36 9
a 45 31 0 33 2
a 45 77 0 19 1
a 46 45 0 33 6
a 46 72 0 46 5
a 46 12 0 31 6
a 47 74 0 33 2
a 47 92 0 41 4
a 50 46 0 33 1
a 50 33 0 17 8
a 50 63 0 45 1
a 54 72 0 33 9
a 54 45 0 5 1
a 54 69 0 38 8
a 56 6 0 33 2
a 56 74 0 27 7
a 56 28 0 47 1
a 57 96 0 33 6
a 57 70 0 17 6
a 58 57 0 33 9
a 58 18 0 2 9
a 58 97 0 7 8
a 59 23 0 33 8
a 59 50 0 19 5
a 59 18 0 23 3
a 60 27 0 33 1
a 60 93 0 46 3
a 62 56 0 33 10
a 62 92 0 44 10
a 65 58 0 33 2
a 65 46 0 10 10
a 66 7 0 33 3
a 66 63 0 23 4
a 66 17 0 28 9
a 68 71 0 33 5
a 68 10 0 36 8
a 68 67 0 26 5
a 69 59 0 33 9
a 69 13 0 38 7
a 69 29 0 40 5
a 70 35 0 33 2
a 70 75 0 2 5
a 70 37 0 22 5
a 71 66 0 33 6
a 71 25 0 48 6
a 72 94 0 33 6
a 72 95 0 34 2
a 73 69 0 33 7
a 73 13 0 36 2
a 74 50 0 33 6
a 74 78 0 22 5
a 74 49 0 43 1
a 75 91 0 33 2
a 75 42 0 29 9
a 75 12 0 22 10
a 79 18 0 33 9
a 79 21 0 42 4
a 79 83 0 34 6
a 80 17 0 33 5
a 80 5 0 48 1
a 81 99 0 33 2
a 81 79 0 22 10
a 82 40 0 33 8
a 82 17 0 9 10
a 83 25 0 33 8
a 83 94 0 35 4
a 85 62 0 33 5
a 85 90 0 37 6
a 85 33 0 5 1
a 91 13 0 33 4
a 91 19 0 49 3
a 91 35 0 48 6
a 94 82 0 33 9
a 94 52 0 50 3
a 94 31 0 47 4
a 96 81 0 33 9
a 96 61 0 31 1
a 96 34 0 25 10
a 98 85 0 33 3
a 98 22 0 4 6
a 2 38 0 217 10
a 2 53 0 20 6
a 3 53 0 217 6
a 3 40 0 43 9
a 4 51 0 217 6
a 4 100 0 217 1
a 4 96 0 22 4
a 5 48 0 217 7
a 5 40 0 49 8
a 5 4 0 14 9
a 8 63 0 217 1
a 8 90 0 9 1
a 9 19 0 217 2
a 9 89 0 23 9
a 9 14 0 20 9
a 12 88 0 217 5
a 12 34 0 31 6
a 15 30 0 217 1
a 15 33 0 24 10
a 15 100 0 33 7
a 19 37 0 217 2
a 19 53 0 50 8
a 21 64 0 217 5
a 21 44 0 25 7
a 24 93 0 217 5
a 24 87 0 31 1
a 24 6 0 25 7
a 26 49 0 217 9
a 26 91 0 38 1
a 29 4 0 217 8
a 29 21 0 10 5
a 30 78 0 217 4
a 30 52 0 6 3
a 32 77 0 217 2
a 32 15 0 18 4
a 33 86 0 217 7
a 33 49 0 17 5
a 33 14 0 26 8
a 37 32 0 217 8
a 37 21 0 38 5
a 37 13 0 31 10
a 38 67 0 217 4
a 38 34 0 45 1
a 41 15 0 217 6
a 41 90 0 3 10
a 41 28 0 38 9
a 42 87 0 217 7
a 42 50 0 6 8
a 44 33 0 217 5
a 44 94 0 21 1
a 44 35 0 29 2
a 48 8 0 217 1
a 48 28 0 39 6
a 49 55 0 217 4
a 49 21 0 31 1
a 49 42 0 30 4
a 51 99 0 217 6
a 51 22 0 20 10
a 52 3 0 217 9
a 52 22 0 24 9
a 52 47 0 28 2
a 53 12 0 217 9
a 53 77 0 4 3
a 53 51 0 38 6
a 55 9 0 217 5
a 55 85 0 32 3
a 61 44 0 217 8
a 61 25 0 36 3
a 61 66 0 16 4
a 63 89 0 217 6
a 63 25 0 35 4
a 63 42 0 35 2
a 64 52 0 217 4
a 64 22 0 9 10
a 64 100 0 5 6
a 67 24 0 217 1
a 67 17 0 33 2
a 67 64 0 22 4
a 76 26 0 217 6
a 76 96 0 8 3
a 77 5 0 217 3
a 77 61 0 28 8
a 77 9 0 27 3
a 78 90 0 217 8
a 78 60 0 22 9
a 78 36 0 39 4
a 84 21 0 217 7
a 84 70 0 4 4
a 86 97 0 217 3
a 86 91 0 43 3
a 86 61 0 24 5
a 87 29 0 217 6
a 87 50 0 11 4
a 87 80 0 20 5
a 88 76 0 217 1
a 88 63 0 40 3
a 89 92 0 217 6
a 89 38 0 5 4
a 90 95 0 217 9
a 90 53 0 9 1
a 92 42 0 217 5
a 92 68 0 34 10
a 93 61 0 217 10
a 93 80 0 11 8
a 95 84 0 217 3
a 95 63 0 44 5
a 97 41 0 217 2
a 97 53 0 17 7
