c PyNETGEN v1.0.0
c $ pip install pynetgen
c
c  NETGEN flow network generation algorithm
c  Problem input parameters
c  -------------------------------------
c   Random seed:          100
c   Number of nodes:      100
c   Source nodes:         2
c   Sink nodes:           2
c   Number of arcs:       251
c   Minimum arc cost:     1
c   Maximum arc cost:     10
c   Total supply:         250
c   Transshipment -
c     Sources:            0
c     Sinks:              0
c   Skeleton arcs -
c     With max cost:      0
c     Capacitated:        100
c   Minimum arc capacity: 1
c   Maximum arc capacity: 50
c
c  *** Minimum cost flow ***
c
p min 100 251
n 1 76
n 2 174
n 99 -120
n 100 -130
a 1 56 0 76 9
a 1 76 0 44 7
a 1 19 0 37 1
a 3 89 0 76 5
a 3 62 0 27 3
a 4 80 0 76 10
a 4 90 0 22 9
a 4 19 0 35 6
a 4 18 0 41 10
a 5 58 0 76 2
a 5 25 0 42 1
a 5 30 0 26 9
a 8 52 0 76 10
a 8 57 0 45 6
a 8 91 0 10 4
a 8 60 0 22 2
a 11 99 0 76 9
a 11 33 0 76 1
a 11 63 0 7 9
a 11 16 0 45 9
a 11 80 0 24 9
a 15 100 0 76 10
a 15 26 0 33 4
a 15 38 0 30 9
a 19 15 0 76 4
a 19 36 0 34 1
a 19 41 0 17 4
a 21 54 0 76 5
a 21 14 0 47 8
a 25 19 0 76 7
a 25 42 0 15 6
a 25 88 0 29 8
a 26 44 0 76 5
a 26 23 0 4 8
a 28 68 0 76 4
a 28 80 0 2 7
a 28 8 0 26 10
a 29 45 0 76 10
a 29 52 0 26 9
a 29 17 0 28 7
a 33 40 0 76 4
a 33 11 0 25 7
a 35 5 0 76 9
a 35 51 0 16 10
a 37 25 0 76 7
a 37 51 0 30 6
a 37 57 0 33 2
a 40 3 0 76 2
a 40 9 0 2 4
a 41 67 0 76 3
a 41 58 0 39 4
a 42 26 0 76 1
a 42 60 0 3 3
a 44 4 0 76 4
a 44 16 0 24 9
a 44 82 0 3 8
a 45 47 0 76 7
a 45 21 0 30 5
a 47 21 0 76 8
a 47 48 0 1 8
a 47 14 0 21 5
a 50 53 0 76 1
a 50 46 0 13 5
a 52 78 0 76 7
a 52 87 0 35 4
a 52 81 0 44 1
a 53 96 0 76 2
a 53 85 0 49 7
a 54 70 0 76 2
a 54 67 0 46 5
a 54 95 0 22 5
a 56 62 0 76 5
a 56 11 0 7 2
a 58 28 0 76 10
a 58 12 0 37 2
a 58 29 0 34 1
a 62 92 0 76 6
a 62 42 0 26 6
a 62 50 0 18 3
a 67 76 0 76 6
a 67 83 0 11 4
a 68 85 0 76 2
a 68 6 0 5 2
a 68 18 0 42 7
a 70 88 0 76 9
a 70 77 0 29 8
a 70 30 0 5 6
a 72 50 0 76 7
a 72 90 0 12 7
a 74 8 0 76 9
a 74 6 0 49 7
a 75 42 0 76 7
a 75 16 0 17 8
a 75 91 0 4 2
a 76 11 0 76 2
a 76 40 0 23 1
a 77 37 0 76 10
a 77 90 0 37 7
a 78 82 0 76 1
a 78 43 0 47 4
a 80 77 0 76 6
a 80 60 0 30 1
a 82 87 0 76 6
a 82 89 0 27 2
a 84 72 0 76 4
a 84 27 0 9 3
a 84 99 0 15 5
a 84 12 0 38 8
a 85 84 0 76 9
a 85 33 0 40 8
a 87 35 0 76 1
a 87 17 0 1 7
a 87 7 0 47 1
a 88 74 0 76 3
a 88 27 0 4 7
a 88 4 0 25 8
a 89 29 0 76 9
a 89 12 0 20 10
a 89 99 0 42 3
a 91 41 0 76 10
a 91 10 0 47 10
a 91 69 0 21 5
a 92 91 0 76 9
a 92 49 0 40 9
a 92 88 0 44 3
a 96 75 0 76 3
a 96 70 0 3 4
a 2 10 0 174 8
a 2 22 0 43 7
a 2 76 0 25 9
a 6 27 0 174 9
a 6 60 0 27 7
a 6 49 0 50 4
a 7 95 0 174 4
a 7 64 0 22 2
a 7 84 0 49 8
a 9 43 0 174 9
a 9 58 0 33 6
a 9 76 0 10 6
a 10 14 0 174 10
a 10 23 0 16 8
a 12 79 0 174 2
a 12 85 0 8 1
a 12 90 0 14 10
a 13 51 0 174 5
a 13 37 0 20 4
a 14 13 0 174 7
a 14 35 0 20 3
a 16 97 0 174 6
a 16 29 0 6 2
a 17 6 0 174 7
a 17 51 0 31 9
a 17 58 0 3 8
a 18 9 0 174 10
a 18 82 0 11 4
a 18 15 0 48 9
a 20 36 0 174 6
a 20 75 0 15 5
a 20 46 0 46 1
a 22 48 0 174 8
a 22 83 0 2 2
a 22 7 0 7 9
a 23 83 0 174 5
a 23 77 0 30 7
a 24 64 0 174 5
a 24 79 0 14 2
a 24 35 0 12 6
a 27 23 0 174 4
a 27 100 0 44 2
a 27 88 0 18 2
a 30 31 0 174 2
a 30 93 0 22 3
a 31 98 0 174 10
a 31 37 0 5 1
a 31 43 0 38 7
a 32 65 0 174 5
a 32 33 0 30 1
a 32 78 0 25 2
a 34 46 0 174 9
a 34 52 0 8 10
a 34 9 0 25 10
a 36 73 0 174 1
a 36 62 0 48 8
a 38 22 0 174 4
a 38 20 0 42 10
a 38 37 0 38 2
a 39 57 0 174 10
a 39 29 0 49 6
a 39 94 0 31 1
a 43 39 0 174 4
a 43 21 0 50 7
a 46 94 0 174 6
a 46 30 0 49 4
a 46 87 0 35 4
a 48 60 0 174 4
a 48 51 0 12 6
a 49 38 0 174 9
a 49 42 0 38 5
a 49 3 0 25 9
a 51 7 0 174 3
a 51 70 0 28 3
a 55 12 0 174 1
a 55 64 0 46 5
a 57 86 0 174 8
a 57 43 0 14 8
a 59 34 0 174 6
a 59 31 0 10 9
a 59 72 0 33 4
a 60 93 0 174 4
a 60 46 0 50 7
a 60 48 0 27 9
a 61 16 0 174 8
a 61 52 0 8 9
a 63 18 0 174 7
a 63 35 0 12 9
a 63 79 0 2 7
a 64 20 0 174 10
a 64 53 0 49 2
a 64 34 0 32 3
a 65 17 0 174 8
a 65 99 0 174 10
a 65 58 0 18 10
a 65 7 0 45 2
a 66 69 0 174 6
a 66 85 0 6 4
a 69 90 0 174 6
a 69 47 0 40 7
a 71 59 0 174 6
a 71 77 0 21 9
a 73 55 0 174 8
a 73 68 0 17 3
a 79 81 0 174 7
a 79 29 0 32 4
a 81 32 0 174 6
a 81 86 0 17 2
a 83 66 0 174 2
a 83 10 0 50 8
a 86 30 0 174 9
a 86 69 0 48 6
a 90 71 0 174 7
a 90 4 0 10 7
a 93 61 0 174 5
a 93 24 0 35 5
a 94 100 0 174 9
a 94 97 0 21 8
a 95 63 0 174 8
a 95 86 0 18 6
a 97 24 0 174 4
a 97 53 0 35 8
a 98 49 0 174 2
a 98 70 0 9 6
