c PyNETGEN v1.0.0
c $ pip install pynetgen
c
c  NETGEN flow network generation algorithm
c  Problem input parameters
c  -------------------------------------
c   Random seed:          41
c   Number of nodes:      100
c   Source nodes:         2
c   Sink nodes:           2
c   Number of arcs:       251
c   Minimum arc cost:     1
c   Maximum arc cost:     10
c   Total supply:         250
c   Transshipment -
c     Sources:            0
c     Sinks:              0
c   Skeleton arcs -
c     With max cost:      0
c     Capacitated:        100
c   Minimum arc capacity: 1
c   Maximum arc capacity: 50
c
c  *** Minimum cost flow ***
c
p min 100 251
n 1 166
n 2 84
n 99 -123
n 100 -127
a 1 83 0 166 10
a 1 7 0 4 9
a 1 18 0 31 3
a 1 89 0 29 5
a 7 64 0 166 2
a 7 40 0 32 3
a 7 5 0 11 3
a 7 54 0 40 2
a 8 7 0 166 2
a 8 70 0 18 7
a 8 48 0 12 9
a 9 88 0 166 6
a 9 21 0 44 2
a 9 78 0 9 4
a 11 70 0 166 8
a 11 61 0 43 3
a 11 48 0 48 9
a 13 24 0 166 2
a 13 88 0 50 3
a 15 68 0 166 6
a 15 56 0 8 9
a 18 37 0 166 10
a 18 19 0 50 3
a 18 79 0 13 6
a 18 82 0 37 7
a 23 39 0 166 5
a 23 76 0 31 1
a 23 38 0 46 7
a 24 11 0 166 9
a 24 69 0 39 5
a 24 87 0 15 10
a 25 46 0 166 9
a 25 27 0 2 4
a 33 94 0 166 6
a 33 21 0 34 4
a 33 29 0 19 8
a 34 51 0 166 5
a 34 58 0 40 3
a 34 5 0 12 2
a 35 91 0 166 8
a 35 7 0 49 7
a 36 47 0 166 8
a 36 79 0 6 10
a 37 34 0 166 4
a 37 50 0 40 10
a 37 90 0 30 9
a 39 71 0 166 6
a 39 36 0 11 8
a 39 14 0 19 4
a 41 52 0 166 5
a 41 19 0 47 6
a 44 69 0 166 5
a 44 52 0 6 9
a 46 15 0 166 1
a 46 78 0 8 7
a 46 44 0 28 8
a 47 85 0 166 7
a 47 46 0 4 3
a 47 73 0 11 1
a 48 36 0 166 1
a 48 87 0 50 9
a 49 25 0 166 10
a 49 67 0 8 9
a 49 75 0 41 9
a 51 78 0 166 3
a 51 72 0 1 4
a 51 50 0 14 6
a 52 33 0 166 4
a 52 25 0 41 5
a 62 92 0 166 2
a 62 51 0 23 1
a 62 19 0 5 5
a 63 44 0 166 6
a 63 88 0 40 1
a 63 92 0 2 7
a 64 84 0 166 3
a 64 51 0 16 8
a 64 40 0 4 4
a 65 48 0 166 1
a 65 55 0 42 9
a 65 82 0 44 4
a 66 99 0 166 8
a 66 19 0 16 4
a 66 79 0 9 9
a 67 23 0 166 1
a 67 58 0 29 3
a 68 62 0 166 4
a 68 86 0 38 10
a 69 8 0 166 9
a 69 46 0 42 4
a 70 9 0 166 4
a 70 10 0 13 4
a 70 97 0 18 4
a 71 63 0 166 6
a 71 19 0 42 1
a 72 65 0 166 8
a 72 30 0 39 6
a 72 35 0 19 2
a 78 86 0 166 4
a 78 5 0 14 8
a 80 49 0 166 10
a 80 46 0 39 9
a 80 21 0 43 9
a 83 41 0 166 9
a 83 87 0 41 9
a 83 99 0 16 2
a 84 18 0 166 8
a 84 79 0 1 5
a 84 19 0 37 5
a 85 67 0 166 8
a 85 50 0 24 8
a 86 80 0 166 5
a 86 88 0 14 5
a 88 72 0 166 2
a 88 70 0 4 9
a 91 100 0 166 3
a 91 66 0 166 10
a 91 35 0 36 5
a 91 22 0 32 4
a 92 35 0 166 2
a 92 55 0 25 10
a 92 25 0 43 5
a 94 13 0 166 1
a 94 34 0 4 7
a 94 14 0 18 5
a 2 10 0 84 5
a 2 81 0 44 3
a 2 95 0 29 9
a 3 38 0 84 1
a 3 68 0 20 5
a 4 76 0 84 3
a 4 11 0 49 6
a 5 87 0 84 4
a 5 80 0 44 5
a 6 22 0 84 2
a 6 20 0 36 1
a 10 57 0 84 8
a 10 67 0 29 8
a 12 89 0 84 5
a 12 25 0 33 1
a 12 5 0 46 8
a 14 5 0 84 5
a 14 32 0 46 8
a 14 38 0 19 1
a 16 30 0 84 1
a 16 69 0 27 10
a 17 6 0 84 6
a 17 25 0 30 10
a 17 49 0 12 2
a 19 28 0 84 10
a 19 8 0 37 7
a 20 93 0 84 5
a 20 47 0 50 9
a 20 88 0 40 4
a 21 40 0 84 5
a 21 60 0 7 6
a 21 30 0 43 1
a 22 53 0 84 7
a 22 75 0 20 2
a 22 10 0 19 10
a 26 29 0 84 9
a 26 62 0 25 1
a 27 19 0 84 2
a 27 76 0 28 1
a 27 74 0 24 4
a 28 21 0 84 6
a 28 9 0 33 3
a 29 45 0 84 10
a 29 95 0 17 10
a 30 77 0 84 10
a 30 83 0 7 5
a 31 4 0 84 1
a 31 27 0 8 9
a 31 76 0 4 10
a 32 79 0 84 5
a 32 87 0 8 1
a 38 27 0 84 2
a 38 13 0 11 2
a 38 94 0 16 10
a 40 61 0 84 9
a 40 8 0 33 1
a 42 12 0 84 8
a 42 62 0 15 10
a 43 75 0 84 6
a 43 70 0 32 6
a 43 88 0 47 3
a 45 73 0 84 4
a 45 52 0 29 6
a 50 26 0 84 1
a 50 93 0 4 6
a 53 99 0 84 4
a 53 86 0 5 10
a 53 8 0 23 7
a 54 98 0 84 3
a 54 81 0 16 7
a 54 34 0 44 8
a 55 82 0 84 7
a 55 11 0 15 3
a 56 14 0 84 6
a 56 90 0 11 10
a 57 3 0 84 2
a 57 43 0 19 5
a 58 55 0 84 1
a 58 29 0 16 9
a 58 73 0 35 3
a 59 42 0 84 5
a 59 70 0 48 7
a 60 59 0 84 3
a 60 94 0 40 1
a 60 63 0 41 6
a 61 31 0 84 6
a 61 76 0 6 4
a 73 60 0 84 4
a 73 13 0 6 5
a 74 16 0 84 5
a 74 48 0 3 9
a 74 14 0 50 1
a 75 54 0 84 8
a 75 21 0 23 9
a 75 82 0 15 10
a 76 50 0 84 3
a 76 100 0 84 9
a 76 89 0 43 7
a 76 38 0 16 7
a 77 58 0 84 4
a 77 3 0 27 6
a 79 95 0 84 5
a 79 33 0 31 4
a 81 96 0 84 2
a 81 17 0 28 3
a 82 17 0 84 10
a 82 32 0 30 3
a 87 43 0 84 9
a 87 3 0 45 9
a 87 46 0 30 3
a 89 97 0 84 3
a 89 59 0 16 1
a 90 74 0 84 2
a 90 11 0 20 9
a 90 29 0 44 10
a 93 32 0 84 5
a 93 18 0 34 2
a 95 56 0 84 10
a 95 47 0 34 9
a 96 90 0 84 7
a 96 10 0 39 1
a 96 72 0 34 7
a 97 20 0 84 7
a 97 56 0 40 3
a 98 81 0 84 5
a 98 82 0 35 8
