c PyNETGEN v1.0.0
c $ pip install pynetgen
c
c  NETGEN flow network generation algorithm
c  Problem input parameters
c  -------------------------------------
c   Random seed:          69
c   Number of nodes:      100
c   Source nodes:         2
c   Sink nodes:           2
c   Number of arcs:       251
c   Minimum arc cost:     1
c   Maximum arc cost:     10
c   Total supply:         250
c   Transshipment -
c     Sources:            0
c     Sinks:              0
c   Skeleton arcs -
c     With max cost:      0
c     Capacitated:        100
c   Minimum arc capacity: 1
c   Maximum arc capacity: 50
c
c  *** Minimum cost flow ***
c
p min 100 251
n 1 125
n 2 125
n 99 -74
n 100 -176
a 1 90 0 125 5
a 1 46 0 43 7
a 3 10 0 125 2
a 3 93 0 26 3
a 3 50 0 18 4
a 3 83 0 22 10
a 4 24 0 125 9
a 4 84 0 50 7
a 4 77 0 34 4
a 4 86 0 13 2
a 5 13 0 125 3
a 5 33 0 32 10
a 5 59 0 42 7
a 5 28 0 47 10
a 6 73 0 125 1
a 6 12 0 25 4
a 6 76 0 6 7
a 7 88 0 125 3
a 7 84 0 49 7
a 7 14 0 45 1
a 7 62 0 46 4
a 8 11 0 125 9
a 8 30 0 31 7
a 8 86 0 42 10
a 9 87 0 125 9
a 9 36 0 37 3
a 10 8 0 125 6
a 10 51 0 32 8
a 10 66 0 40 6
a 11 39 0 125 9
a 11 14 0 19 1
a 13 31 0 125 8
a 13 17 0 38 8
a 14 18 0 125 6
a 14 61 0 40 7
a 17 7 0 125 3
a 17 4 0 42 5
a 17 83 0 40 7
a 17 96 0 9 4
a 18 5 0 125 6
a 18 29 0 2 6
a 19 9 0 125 9
a 19 95 0 32 4
a 20 21 0 125 8
a 20 86 0 41 4
a 21 3 0 125 3
a 21 16 0 49 9
a 21 39 0 11 5
a 21 73 0 1 5
a 24 32 0 125 4
a 24 82 0 3 2
a 25 100 0 125 1
a 25 75 0 125 5
a 25 62 0 42 8
a 28 45 0 125 3
a 28 80 0 32 9
a 28 34 0 19 6
a 30 98 0 125 1
a 30 18 0 2 1
a 31 89 0 125 10
a 31 32 0 17 10
a 32 97 0 125 5
a 32 28 0 13 7
a 34 92 0 125 8
a 34 67 0 9 6
a 37 4 0 125 1
a 37 18 0 2 10
a 39 37 0 125 3
a 39 19 0 49 8
a 39 65 0 21 10
a 39 42 0 25 1
a 45 77 0 125 5
a 45 21 0 4 9
a 45 12 0 28 1
a 46 67 0 125 5
a 46 55 0 36 4
a 46 6 0 13 10
a 47 55 0 125 10
a 47 16 0 13 9
a 48 47 0 125 7
a 48 89 0 18 1
a 48 7 0 35 9
a 52 58 0 125 9
a 52 65 0 28 2
a 52 4 0 1 7
a 55 14 0 125 10
a 55 80 0 46 7
a 57 20 0 125 7
a 57 59 0 30 5
a 58 64 0 125 3
a 58 55 0 46 7
a 59 34 0 125 7
a 59 61 0 25 6
a 61 57 0 125 5
a 61 85 0 37 3
a 61 18 0 13 10
a 62 52 0 125 7
a 62 7 0 29 4
a 62 3 0 2 4
a 63 59 0 125 10
a 63 68 0 3 5
a 63 23 0 17 8
a 64 84 0 125 4
a 64 88 0 40 6
a 64 67 0 35 2
a 67 6 0 125 9
a 67 100 0 21 8
a 73 19 0 125 6
a 73 70 0 10 3
a 73 74 0 13 2
a 75 17 0 125 8
a 75 74 0 46 4
a 75 12 0 10 9
a 77 62 0 125 2
a 77 63 0 22 4
a 77 64 0 10 7
a 84 46 0 125 6
a 84 83 0 21 8
a 84 41 0 1 2
a 86 28 0 125 9
a 86 26 0 32 7
a 87 30 0 125 8
a 87 61 0 13 9
a 88 63 0 125 8
a 88 14 0 31 4
a 88 42 0 3 10
a 89 61 0 125 3
a 89 92 0 30 9
a 89 35 0 47 9
a 90 86 0 125 3
a 90 22 0 13 3
a 90 21 0 44 8
a 92 48 0 125 8
a 92 28 0 23 2
a 95 25 0 125 1
a 95 16 0 26 6
a 97 99 0 125 6
a 97 54 0 25 8
a 97 98 0 3 3
a 98 95 0 125 7
a 98 11 0 6 7
a 98 96 0 18 9
a 2 33 0 125 4
a 2 6 0 27 2
a 2 28 0 21 5
a 12 96 0 125 10
a 12 23 0 16 6
a 12 37 0 14 4
a 15 53 0 125 10
a 15 88 0 24 1
a 15 91 0 14 10
a 16 38 0 125 10
a 16 86 0 33 9
a 22 74 0 125 7
a 22 77 0 20 3
a 23 70 0 125 4
a 23 51 0 50 6
a 23 52 0 48 6
a 26 54 0 125 2
a 26 94 0 24 2
a 27 94 0 125 7
a 27 62 0 8 3
a 29 99 0 125 2
a 29 82 0 125 6
a 29 79 0 19 6
a 29 73 0 1 10
a 33 66 0 125 9
a 33 89 0 34 7
a 35 50 0 125 9
a 35 24 0 12 3
a 35 15 0 29 8
a 36 69 0 125 6
a 36 98 0 46 9
a 38 43 0 125 7
a 38 69 0 14 5
a 38 32 0 23 10
a 40 80 0 125 4
a 40 34 0 10 5
a 40 25 0 19 1
a 41 65 0 125 7
a 41 93 0 12 1
a 41 68 0 39 9
a 42 60 0 125 4
a 42 68 0 44 3
a 43 51 0 125 8
a 43 40 0 45 6
a 43 39 0 11 6
a 44 85 0 125 1
a 44 17 0 32 6
a 44 68 0 40 6
a 49 79 0 125 8
a 49 87 0 42 4
a 50 40 0 125 1
a 50 71 0 1 9
a 51 12 0 125 4
a 51 97 0 8 8
a 51 93 0 37 1
a 53 41 0 125 8
a 53 74 0 15 8
a 54 44 0 125 1
a 54 89 0 48 5
a 54 23 0 48 6
a 56 100 0 125 5
a 56 41 0 31 6
a 60 93 0 125 2
a 60 17 0 35 3
a 65 36 0 125 7
a 65 89 0 46 3
a 66 72 0 125 9
a 66 69 0 9 6
a 66 14 0 47 2
a 68 83 0 125 2
a 68 67 0 34 1
a 69 29 0 125 10
a 69 86 0 45 2
a 69 65 0 28 8
a 70 42 0 125 7
a 70 95 0 26 10
a 71 15 0 125 5
a 71 9 0 49 8
a 72 71 0 125 9
a 72 48 0 34 6
a 72 92 0 15 2
a 74 26 0 125 8
a 74 16 0 40 2
a 74 91 0 40 1
a 76 68 0 125 9
a 76 4 0 4 10
a 76 47 0 37 8
a 78 49 0 125 3
a 78 79 0 49 9
a 79 81 0 125 5
a 79 83 0 35 4
a 80 56 0 125 1
a 80 40 0 14 8
a 81 91 0 125 5
a 81 12 0 39 9
a 82 76 0 125 4
a 82 79 0 46 6
a 83 27 0 125 6
a 83 65 0 26 1
a 85 23 0 125 4
a 85 56 0 12 6
a 91 22 0 125 7
a 91 64 0 42 1
a 93 16 0 125 1
a 93 98 0 9 8
a 94 78 0 125 1
a 94 8 0 50 8
a 96 35 0 125 2
a 96 59 0 1 8
