c PyNETGEN v1.0.0
c $ pip install pynetgen
c
c  NETGEN flow network generation algorithm
c  Problem input parameters
c  -------------------------------------
c   Random seed:          28
c   Number of nodes:      100
c   Source nodes:         2
c   Sink nodes:           2
c   Number of arcs:       251
c   Minimum arc cost:     1
c   Maximum arc cost:     10
c   Total supply:         250
c   Transshipment -
c     Sources:            0
c     Sinks:              0
c   Skeleton arcs -
c     With max cost:      0
c     Capacitated:        100
c   Minimum arc capacity: 1
c   Maximum arc capacity: 50
c
c  *** Minimum cost flow ***
c
p min 100 251
n 1 139
n 2 111
n 99 -128
n 100 -122
a 1 41 0 139 3
a 1 43 0 37 6
a 1 71 0 42 5
a 1 35 0 45 6
a 3 97 0 139 4
a 3 6 0 38 5
a 3 25 0 36 1
a 3 8 0 8 3
a 4 76 0 139 3
a 4 91 0 46 6
a 4 85 0 22 7
a 11 65 0 139 4
a 11 54 0 49 6
a 11 70 0 36 7
a 11 94 0 44 7
a 14 3 0 139 3
a 14 12 0 9 9
a 14 4 0 19 1
a 17 11 0 139 7
a 17 28 0 27 6
a 17 12 0 39 3
a 18 94 0 139 7
a 18 13 0 29 5
a 18 10 0 30 5
a 23 46 0 139 10
a 23 16 0 33 5
a 25 35 0 139 3
a 25 76 0 34 2
a 25 85 0 9 7
a 26 64 0 139 8
a 26 99 0 5 9
a 26 90 0 50 8
a 27 29 0 139 4
a 27 8 0 28 8
a 27 86 0 4 4
a 29 92 0 139 2
a 29 91 0 35 3
a 31 25 0 139 8
a 31 36 0 45 10
a 34 51 0 139 9
a 34 56 0 4 7
a 35 80 0 139 2
a 35 19 0 24 5
a 35 53 0 35 3
a 36 52 0 139 9
a 36 87 0 14 5
a 38 27 0 139 4
a 38 18 0 1 8
a 41 50 0 139 3
a 41 11 0 37 7
a 44 31 0 139 7
a 44 43 0 44 7
a 44 8 0 8 3
a 44 23 0 48 9
a 46 38 0 139 8
a 46 95 0 2 1
a 46 96 0 37 10
a 47 86 0 139 1
a 47 42 0 38 4
a 47 30 0 30 1
a 50 77 0 139 8
a 50 35 0 49 5
a 51 84 0 139 7
a 51 58 0 27 6
a 52 98 0 139 1
a 52 87 0 1 5
a 53 91 0 139 7
a 53 44 0 39 7
a 53 8 0 25 1
a 59 23 0 139 9
a 59 72 0 36 6
a 59 63 0 50 3
a 64 75 0 139 1
a 64 68 0 22 2
a 64 80 0 4 6
a 65 36 0 139 2
a 65 76 0 12 10
a 65 9 0 6 10
a 66 47 0 139 9
a 66 59 0 10 1
a 66 61 0 8 2
a 67 96 0 139 9
a 67 82 0 41 8
a 69 18 0 139 1
a 69 61 0 27 10
a 71 100 0 139 4
a 71 4 0 139 6
a 71 43 0 11 10
a 71 45 0 29 7
a 75 69 0 139 1
a 75 85 0 25 4
a 76 83 0 139 2
a 76 23 0 35 6
a 76 79 0 11 10
a 77 17 0 139 2
a 77 8 0 19 10
a 77 39 0 37 10
a 78 44 0 139 8
a 78 85 0 17 8
a 80 71 0 139 4
a 80 19 0 16 6
a 80 53 0 17 7
a 83 67 0 139 7
a 83 45 0 8 8
a 83 39 0 23 9
a 84 90 0 139 5
a 84 30 0 35 1
a 86 99 0 139 3
a 86 92 0 43 4
a 86 62 0 30 5
a 90 26 0 139 7
a 90 98 0 23 10
a 90 74 0 44 3
a 91 66 0 139 4
a 91 77 0 35 1
a 92 14 0 139 9
a 92 83 0 14 8
a 92 75 0 33 1
a 94 59 0 139 10
a 94 68 0 15 6
a 95 34 0 139 8
a 95 100 0 36 4
a 96 95 0 139 3
a 96 71 0 2 2
a 97 53 0 139 1
a 97 56 0 13 9
a 97 98 0 24 2
a 98 78 0 139 3
a 98 18 0 1 7
a 98 24 0 22 1
a 2 28 0 111 6
a 2 21 0 22 7
a 2 82 0 8 2
a 5 70 0 111 3
a 5 28 0 35 6
a 5 63 0 37 5
a 6 87 0 111 3
a 6 56 0 29 5
a 6 54 0 39 8
a 7 21 0 111 3
a 7 96 0 28 9
a 8 61 0 111 2
a 8 17 0 46 6
a 9 37 0 111 6
a 9 40 0 28 8
a 10 68 0 111 1
a 10 44 0 38 6
a 10 70 0 35 5
a 12 9 0 111 9
a 12 67 0 25 8
a 13 15 0 111 8
a 13 48 0 6 6
a 13 11 0 34 1
a 15 39 0 111 8
a 15 32 0 26 2
a 15 93 0 8 1
a 16 10 0 111 5
a 16 49 0 9 3
a 16 57 0 33 5
a 19 54 0 111 6
a 19 8 0 49 1
a 19 23 0 31 3
a 20 45 0 111 1
a 20 34 0 33 6
a 21 42 0 111 3
a 21 50 0 35 9
a 21 83 0 15 1
a 22 58 0 111 8
a 22 59 0 3 1
a 24 56 0 111 4
a 24 4 0 19 3
a 28 13 0 111 5
a 28 34 0 9 1
a 30 62 0 111 4
a 30 21 0 1 1
a 30 56 0 40 5
a 32 93 0 111 5
a 32 84 0 15 4
a 33 16 0 111 3
a 33 78 0 8 8
a 33 95 0 29 9
a 37 74 0 111 9
a 37 60 0 34 8
a 39 89 0 111 5
a 39 66 0 32 8
a 40 99 0 111 7
a 40 20 0 111 5
a 40 63 0 5 1
a 40 83 0 11 3
a 42 82 0 111 3
a 42 16 0 39 8
a 43 55 0 111 8
a 43 5 0 32 3
a 45 60 0 111 8
a 45 47 0 49 5
a 48 24 0 111 2
a 48 41 0 30 2
a 49 73 0 111 2
a 49 86 0 43 3
a 54 7 0 111 4
a 54 92 0 21 1
a 55 100 0 111 10
a 55 74 0 7 7
a 56 81 0 111 8
a 56 18 0 20 7
a 56 89 0 26 9
a 57 43 0 111 6
a 57 9 0 39 1
a 58 40 0 111 5
a 58 76 0 49 6
a 58 63 0 3 7
a 60 32 0 111 7
a 60 6 0 23 8
a 61 12 0 111 1
a 61 59 0 37 5
a 61 60 0 25 3
a 62 33 0 111 7
a 62 37 0 31 3
a 63 8 0 111 3
a 63 81 0 17 4
a 63 84 0 5 2
a 68 48 0 111 6
a 68 22 0 20 6
a 70 63 0 111 3
a 70 100 0 17 1
a 70 43 0 14 3
a 72 79 0 111 2
a 72 70 0 21 7
a 72 88 0 26 3
a 73 22 0 111 3
a 73 99 0 37 7
a 73 46 0 33 7
a 74 85 0 111 4
a 74 33 0 44 3
a 79 57 0 111 5
a 79 22 0 43 4
a 81 6 0 111 4
a 81 19 0 10 1
a 82 5 0 111 4
a 82 7 0 20 2
a 82 31 0 29 5
a 85 49 0 111 8
a 85 79 0 20 5
a 87 72 0 111 4
a 87 47 0 36 8
a 88 19 0 111 10
a 88 80 0 26 9
a 89 88 0 111 5
a 89 83 0 8 6
a 93 30 0 111 5
a 93 77 0 17 8
