c PyNETGEN v1.0.0
c $ pip install pynetgen
c
c  NETGEN flow network generation algorithm
c  Problem input parameters
c  -------------------------------------
c   Random seed:          82
c   Number of nodes:      100
c   Source nodes:         2
c   Sink nodes:           2
c   Number of arcs:       251
c   Minimum arc cost:     1
c   Maximum arc cost:     10
c   Total supply:         250
c   Transshipment -
c     Sources:            0
c     Sinks:              0
c   Skeleton arcs -
c     With max cost:      0
c     Capacitated:        100
c   Minimum arc capacity: 1
c   Maximum arc capacity: 50
c
c  *** Minimum cost flow ***
c
p min 100 251
n 1 125
n 2 125
n 99 -125
n 100 -125
a 1 36 0 125 9
a 1 11 0 7 10
a 1 32 0 11 8
a 5 65 0 125 10
a 5 50 0 43 2
a 5 63 0 13 5
a 6 13 0 125 4
a 6 3 0 29 6
a 6 9 0 3 7
a 6 86 0 38 3
a 8 100 0 125 3
a 8 60 0 125 2
a 8 43 0 6 7
a 8 65 0 12 7
a 8 69 0 50 5
a 9 49 0 125 4
a 9 33 0 48 8
a 9 30 0 36 3
a 10 5 0 125 6
a 10 90 0 19 1
a 10 27 0 8 8
a 12 31 0 125 2
a 12 32 0 39 2
a 13 79 0 125 9
a 13 9 0 16 6
a 16 43 0 125 3
a 16 49 0 32 1
a 17 27 0 125 8
a 17 37 0 2 10
a 17 54 0 40 10
a 17 78 0 34 9
a 18 96 0 125 9
a 18 53 0 21 3
a 21 97 0 125 5
a 21 62 0 44 10
a 21 55 0 11 10
a 23 37 0 125 10
a 23 26 0 11 2
a 23 20 0 2 3
a 24 44 0 125 6
a 24 7 0 14 7
a 26 88 0 125 7
a 26 49 0 42 4
a 26 63 0 20 7
a 27 8 0 125 4
a 27 79 0 22 2
a 27 76 0 37 4
a 31 32 0 125 9
a 31 63 0 26 7
a 32 21 0 125 8
a 32 46 0 36 3
a 32 29 0 18 9
a 33 17 0 125 5
a 33 45 0 18 1
a 36 10 0 125 10
a 36 78 0 4 5
a 36 72 0 24 6
a 37 18 0 125 6
a 37 58 0 18 1
a 37 74 0 43 1
a 39 71 0 125 3
a 39 53 0 33 2
a 40 84 0 125 1
a 40 81 0 48 1
a 40 75 0 45 5
a 42 45 0 125 2
a 42 17 0 16 7
a 43 23 0 125 2
a 43 53 0 24 4
a 43 32 0 7 6
a 44 58 0 125 8
a 44 49 0 1 9
a 44 47 0 23 1
a 45 40 0 125 7
a 45 41 0 31 6
a 45 86 0 3 8
a 49 85 0 125 1
a 49 82 0 8 7
a 49 34 0 32 1
a 58 98 0 125 6
a 58 64 0 2 10
a 58 49 0 37 8
a 60 83 0 125 5
a 60 5 0 16 7
a 61 39 0 125 8
a 61 65 0 10 7
a 65 89 0 125 8
a 65 27 0 3 5
a 66 68 0 125 3
a 66 36 0 12 6
a 67 24 0 125 3
a 67 59 0 1 5
a 68 26 0 125 4
a 68 95 0 19 4
a 71 33 0 125 1
a 71 64 0 33 5
a 73 61 0 125 4
a 73 21 0 43 10
a 73 86 0 15 10
a 76 81 0 125 3
a 76 66 0 25 9
a 79 95 0 125 1
a 79 20 0 2 5
a 79 53 0 9 7
a 81 67 0 125 8
a 81 48 0 9 4
a 81 56 0 20 5
a 83 99 0 125 10
a 83 55 0 35 3
a 84 90 0 125 1
a 84 89 0 30 10
a 84 17 0 44 2
a 85 76 0 125 6
a 85 77 0 40 3
a 85 100 0 25 7
a 86 73 0 125 10
a 86 14 0 12 5
a 86 66 0 24 2
a 88 6 0 125 3
a 88 5 0 23 2
a 89 16 0 125 2
a 89 23 0 38 9
a 89 20 0 44 6
a 90 86 0 125 7
a 90 61 0 35 9
a 95 42 0 125 8
a 95 25 0 9 6
a 95 71 0 32 1
a 96 9 0 125 10
a 96 71 0 10 10
a 97 66 0 125 4
a 97 33 0 39 2
a 97 56 0 15 3
a 98 12 0 125 10
a 98 55 0 27 10
a 2 15 0 125 1
a 2 28 0 5 1
a 2 69 0 7 5
a 3 50 0 125 9
a 3 46 0 15 1
a 4 59 0 125 4
a 4 20 0 32 1
a 7 93 0 125 4
a 7 63 0 37 4
a 7 87 0 31 2
a 11 25 0 125 6
a 11 24 0 4 8
a 11 39 0 9 2
a 14 63 0 125 6
a 14 46 0 49 1
a 15 14 0 125 3
a 15 82 0 49 5
a 19 30 0 125 9
a 19 71 0 32 7
a 20 38 0 125 9
a 20 84 0 13 1
a 20 57 0 38 1
a 22 72 0 125 6
a 22 48 0 42 6
a 25 3 0 125 10
a 25 40 0 27 7
a 25 12 0 49 1
a 28 57 0 125 3
a 28 50 0 8 1
a 28 45 0 47 10
a 29 80 0 125 1
a 29 82 0 15 8
a 30 29 0 125 9
a 30 58 0 33 9
a 30 47 0 42 3
a 34 20 0 125 3
a 34 87 0 41 4
a 34 24 0 18 7
a 35 69 0 125 10
a 35 94 0 42 2
a 38 48 0 125 8
a 38 17 0 13 9
a 41 92 0 125 1
a 41 36 0 31 9
a 41 95 0 47 2
a 46 55 0 125 5
a 46 37 0 8 2
a 46 4 0 32 2
a 47 19 0 125 4
a 47 40 0 16 1
a 47 73 0 46 5
a 48 22 0 125 10
a 48 70 0 7 1
a 50 54 0 125 4
a 50 53 0 7 1
a 51 64 0 125 7
a 51 73 0 12 9
a 52 82 0 125 5
a 52 100 0 18 5
a 53 35 0 125 1
a 53 18 0 37 5
a 53 11 0 43 3
a 54 46 0 125 9
a 54 49 0 11 9
a 55 75 0 125 4
a 55 70 0 13 10
a 55 26 0 37 9
a 56 47 0 125 1
a 56 99 0 125 4
a 56 22 0 29 2
a 56 34 0 19 9
a 57 77 0 125 7
a 57 64 0 18 5
a 57 14 0 19 2
a 59 51 0 125 5
a 59 55 0 36 1
a 59 95 0 4 1
a 62 91 0 125 7
a 62 69 0 6 4
a 63 74 0 125 1
a 63 41 0 7 8
a 63 32 0 14 9
a 64 87 0 125 1
a 64 67 0 2 5
a 69 11 0 125 2
a 69 19 0 33 5
a 69 31 0 20 10
a 70 28 0 125 8
a 70 39 0 31 6
a 72 7 0 125 7
a 72 3 0 3 1
a 72 33 0 42 1
a 74 52 0 125 4
a 74 24 0 23 5
a 74 10 0 5 5
a 75 34 0 125 2
a 75 60 0 12 5
a 75 90 0 40 3
a 77 94 0 125 9
a 77 36 0 9 8
a 78 70 0 125 8
a 78 86 0 31 1
a 80 78 0 125 6
a 80 86 0 42 10
a 82 53 0 125 7
a 82 75 0 39 3
a 87 62 0 125 10
a 87 22 0 32 10
a 91 41 0 125 7
a 91 4 0 13 7
a 92 56 0 125 10
a 92 69 0 20 6
a 93 4 0 125 6
a 93 77 0 29 5
a 94 100 0 125 2
a 94 63 0 22 5
