c PyNETGEN v1.0.0
c $ pip install pynetgen
c
c  NETGEN flow network generation algorithm
c  Problem input parameters
c  -------------------------------------
c   Random seed:          11
c   Number of nodes:      100
c   Source nodes:         2
c   Sink nodes:           2
c   Number of arcs:       251
c   Minimum arc cost:     1
c   Maximum arc cost:     10
c   Total supply:         250
c   Transshipment -
c     Sources:            0
c     Sinks:              0
c   Skeleton arcs -
c     With max cost:      0
c     Capacitated:        100
c   Minimum arc capacity: 1
c   Maximum arc capacity: 50
c
c  *** Minimum cost flow ***
c
p min 100 251
n 1 125
n 2 125
n 99 -98
n 100 -152
a 1 29 0 125 8
a 1 17 0 4 2
a 1 72 0 24 1
a 3 94 0 125 6
a 3 70 0 33 8
a 3 76 0 40 2
a 3 30 0 35 3
a 4 67 0 125 8
a 4 42 0 17 10
a 4 17 0 28 3
a 12 23 0 125 10
a 12 40 0 50 10
a 12 73 0 32 10
a 12 90 0 29 7
a 13 100 0 125 7
a 13 61 0 125 10
a 13 33 0 35 10
a 14 50 0 125 9
a 14 31 0 14 1
a 20 65 0 125 5
a 20 60 0 42 10
a 20 73 0 28 8
a 21 76 0 125 8
a 21 36 0 18 1
a 21 65 0 29 7
a 21 31 0 10 5
a 22 4 0 125 2
a 22 52 0 13 8
a 23 3 0 125 3
a 23 16 0 22 1
a 24 28 0 125 8
a 24 20 0 23 6
a 24 47 0 19 3
a 24 48 0 33 1
a 27 64 0 125 9
a 27 26 0 43 7
a 27 42 0 20 4
a 28 93 0 125 1
a 28 68 0 39 2
a 29 84 0 125 3
a 29 21 0 32 10
a 31 27 0 125 5
a 31 8 0 25 4
a 31 47 0 26 8
a 32 87 0 125 8
a 32 65 0 31 6
a 36 97 0 125 7
a 36 23 0 11 8
a 36 11 0 2 1
a 37 78 0 125 9
a 37 56 0 43 9
a 37 8 0 29 5
a 48 37 0 125 5
a 48 71 0 23 7
a 50 81 0 125 8
a 50 86 0 11 5
a 50 72 0 36 2
a 51 24 0 125 3
a 51 81 0 5 7
a 58 96 0 125 2
a 58 93 0 48 8
a 58 76 0 37 9
a 61 69 0 125 5
a 61 64 0 31 1
a 64 13 0 125 9
a 64 14 0 13 1
a 64 70 0 23 3
a 65 98 0 125 5
a 65 42 0 4 2
a 65 60 0 14 8
a 67 20 0 125 2
a 67 83 0 11 4
a 68 79 0 125 4
a 68 35 0 38 10
a 69 74 0 125 4
a 69 46 0 40 9
a 70 14 0 125 4
a 70 44 0 19 10
a 74 85 0 125 9
a 74 59 0 10 8
a 75 99 0 125 2
a 75 72 0 16 4
a 76 32 0 125 5
a 76 91 0 25 6
a 78 70 0 125 4
a 78 17 0 35 4
a 78 50 0 48 5
a 79 58 0 125 6
a 79 17 0 39 8
a 79 46 0 35 6
a 81 36 0 125 2
a 81 45 0 19 2
a 83 68 0 125 5
a 83 20 0 7 7
a 84 51 0 125 6
a 84 74 0 46 10
a 84 66 0 27 2
a 85 89 0 125 10
a 85 59 0 24 9
a 85 92 0 7 8
a 85 45 0 49 5
a 87 22 0 125 7
a 87 69 0 36 7
a 89 48 0 125 1
a 89 96 0 5 9
a 93 31 0 125 7
a 93 28 0 11 9
a 93 69 0 22 6
a 93 76 0 28 8
a 94 75 0 125 9
a 94 41 0 5 8
a 94 63 0 26 3
a 96 12 0 125 7
a 96 27 0 16 7
a 96 53 0 20 10
a 97 21 0 125 10
a 97 70 0 36 2
a 97 7 0 25 6
a 98 83 0 125 2
a 98 84 0 19 4
a 98 28 0 45 9
a 2 17 0 125 7
a 2 19 0 3 4
a 5 26 0 125 4
a 5 69 0 37 8
a 6 16 0 125 5
a 6 11 0 24 7
a 7 33 0 125 4
a 7 76 0 19 8
a 8 86 0 125 6
a 8 20 0 44 1
a 8 68 0 8 2
a 9 72 0 125 9
a 9 38 0 46 10
a 9 37 0 1 3
a 10 92 0 125 6
a 10 93 0 38 6
a 11 100 0 125 7
a 11 67 0 32 4
a 15 56 0 125 10
a 15 35 0 28 4
a 16 80 0 125 6
a 16 33 0 3 2
a 16 29 0 23 3
a 17 25 0 125 7
a 17 91 0 36 4
a 17 15 0 25 8
a 18 7 0 125 9
a 18 60 0 15 2
a 18 22 0 2 7
a 19 55 0 125 5
a 19 25 0 6 9
a 19 63 0 7 2
a 25 91 0 125 10
a 25 89 0 27 3
a 25 36 0 32 3
a 26 45 0 125 8
a 26 39 0 24 3
a 30 6 0 125 3
a 30 96 0 38 9
a 33 99 0 125 1
a 33 88 0 125 8
a 33 36 0 28 8
a 34 49 0 125 9
a 34 26 0 10 3
a 34 48 0 18 10
a 35 18 0 125 8
a 35 10 0 4 1
a 35 45 0 25 2
a 38 47 0 125 7
a 38 4 0 37 4
a 39 35 0 125 3
a 39 50 0 41 7
a 39 78 0 12 4
a 40 52 0 125 2
a 40 60 0 46 6
a 41 42 0 125 5
a 41 11 0 26 2
a 41 13 0 37 9
a 42 90 0 125 2
a 42 54 0 12 9
a 43 82 0 125 3
a 43 45 0 7 5
a 43 66 0 39 4
a 44 5 0 125 4
a 44 67 0 50 5
a 44 85 0 21 4
a 45 62 0 125 10
a 45 24 0 30 7
a 46 63 0 125 2
a 46 11 0 3 9
a 46 89 0 9 6
a 47 9 0 125 1
a 47 99 0 3 9
a 49 39 0 125 8
a 49 10 0 25 1
a 49 30 0 50 6
a 52 38 0 125 2
a 52 27 0 49 2
a 52 72 0 38 7
a 53 46 0 125 6
a 53 65 0 34 10
a 53 70 0 15 1
a 54 40 0 125 10
a 54 64 0 36 9
a 55 60 0 125 5
a 55 26 0 6 10
a 56 95 0 125 10
a 56 31 0 38 1
a 57 11 0 125 1
a 57 37 0 7 2
a 59 73 0 125 2
a 59 44 0 28 6
a 59 83 0 3 9
a 60 15 0 125 10
a 60 68 0 14 3
a 62 66 0 125 10
a 62 36 0 13 8
a 63 30 0 125 4
a 63 32 0 24 4
a 66 71 0 125 9
a 66 60 0 28 5
a 66 59 0 1 10
a 71 43 0 125 9
a 71 15 0 6 1
a 72 10 0 125 1
a 72 85 0 13 9
a 73 34 0 125 4
a 73 40 0 28 3
a 77 59 0 125 2
a 77 76 0 37 6
a 77 33 0 10 4
a 80 54 0 125 10
a 80 41 0 2 4
a 80 98 0 49 3
a 82 53 0 125 2
a 82 12 0 1 9
a 82 39 0 38 5
a 86 44 0 125 10
a 86 20 0 45 1
a 88 57 0 125 2
a 88 21 0 12 10
a 90 8 0 125 6
a 90 18 0 15 2
a 90 65 0 23 6
a 91 41 0 125 6
a 91 99 0 3 10
a 92 19 0 125 9
a 92 32 0 28 7
a 95 77 0 125 7
a 95 38 0 42 5
