c PyNETGEN v1.0.0
c $ pip install pynetgen
c
c  NETGEN flow network generation algorithm
c  Problem input parameters
c  -------------------------------------
c   Random seed:          6
c   Number of nodes:      100
c   Source nodes:         2
c   Sink nodes:           2
c   Number of arcs:       251
c   Minimum arc cost:     1
c   Maximum arc cost:     10
c   Total supply:         250
c   Transshipment -
c     Sources:            0
c     Sinks:              0
c   Skeleton arcs -
c     With max cost:      0
c     Capacitated:        100
c   Minimum arc capacity: 1
c   Maximum arc capacity: 50
c
c  *** Minimum cost flow ***
c
p min 100 251
n 1 149
n 2 101
n 99 -79
n 100 -171
a 1 20 0 149 9
a 1 46 0 28 8
a 1 33 0 40 9
a 4 28 0 149 5
a 4 41 0 27 5
a 4 36 0 7 10
a 4 12 0 15 7
a 6 43 0 149 1
a 6 93 0 45 10
a 6 30 0 39 6
a 8 49 0 149 1
a 8 50 0 13 1
a 11 46 0 149 1
a 11 49 0 24 2
a 11 93 0 6 8
a 11 72 0 28 8
a 12 61 0 149 8
a 12 73 0 29 1
a 12 24 0 27 7
a 12 62 0 7 9
a 15 26 0 149 8
a 15 92 0 37 10
a 15 45 0 12 4
a 18 40 0 149 7
a 18 57 0 22 9
a 19 4 0 149 5
a 19 25 0 10 1
a 20 52 0 149 10
a 20 42 0 5 1
a 20 46 0 28 4
a 21 66 0 149 8
a 21 87 0 47 6
a 21 59 0 7 4
a 26 87 0 149 8
a 26 20 0 39 7
a 26 10 0 17 5
a 28 57 0 149 6
a 28 100 0 43 9
a 35 12 0 149 3
a 35 53 0 24 4
a 35 27 0 43 8
a 36 19 0 149 2
a 36 83 0 25 10
a 38 21 0 149 1
a 38 53 0 2 2
a 38 81 0 38 5
a 39 60 0 149 5
a 39 8 0 47 6
a 40 73 0 149 10
a 40 91 0 7 2
a 41 64 0 149 8
a 41 93 0 40 9
a 42 71 0 149 4
a 42 91 0 6 8
a 43 51 0 149 6
a 43 88 0 1 5
a 43 80 0 49 7
a 45 86 0 149 4
a 45 22 0 36 3
a 45 58 0 37 9
a 45 74 0 11 1
a 46 90 0 149 10
a 46 76 0 49 8
a 46 85 0 4 9
a 47 82 0 149 1
a 47 23 0 1 7
a 48 39 0 149 10
a 48 89 0 19 8
a 49 50 0 149 3
a 49 87 0 42 2
a 49 35 0 19 10
a 50 41 0 149 8
a 50 47 0 27 7
a 51 11 0 149 1
a 51 53 0 10 4
a 51 6 0 50 7
a 52 35 0 149 5
a 52 41 0 22 9
a 52 65 0 14 3
a 53 58 0 149 10
a 53 89 0 47 2
a 53 31 0 50 1
a 56 93 0 149 7
a 56 45 0 31 5
a 56 59 0 12 10
a 57 45 0 149 5
a 57 23 0 43 3
a 58 8 0 149 8
a 58 74 0 50 10
a 58 62 0 29 1
a 60 42 0 149 9
a 60 7 0 32 9
a 60 69 0 19 3
a 61 85 0 149 5
a 61 25 0 1 10
a 64 72 0 149 2
a 64 13 0 2 4
a 64 76 0 40 9
a 66 53 0 149 2
a 66 93 0 29 8
a 68 100 0 149 8
a 68 13 0 16 3
a 71 47 0 149 1
a 71 64 0 23 8
a 71 21 0 17 10
a 72 6 0 149 2
a 72 76 0 19 1
a 73 48 0 149 7
a 73 44 0 17 2
a 75 56 0 149 9
a 75 20 0 23 7
a 75 42 0 3 8
a 79 94 0 149 5
a 79 95 0 9 7
a 79 77 0 40 10
a 80 38 0 149 1
a 80 87 0 33 9
a 82 68 0 149 5
a 82 40 0 21 7
a 85 79 0 149 7
a 85 41 0 26 4
a 85 80 0 20 8
a 86 80 0 149 4
a 86 70 0 21 2
a 87 99 0 149 8
a 87 18 0 149 4
a 87 39 0 49 5
a 90 75 0 149 5
a 90 4 0 5 5
a 90 22 0 16 5
a 93 15 0 149 1
a 93 8 0 12 10
a 93 23 0 37 7
a 94 36 0 149 8
a 94 86 0 39 8
a 94 79 0 40 1
a 2 98 0 101 9
a 2 96 0 41 5
a 3 97 0 101 7
a 3 7 0 15 4
a 5 55 0 101 4
a 5 49 0 49 2
a 5 46 0 39 1
a 7 5 0 101 9
a 7 76 0 16 3
a 7 47 0 38 3
a 9 62 0 101 10
a 9 42 0 36 5
a 10 89 0 101 8
a 10 83 0 20 6
a 13 27 0 101 7
a 13 37 0 43 7
a 14 91 0 101 9
a 14 84 0 4 3
a 14 3 0 24 5
a 16 92 0 101 3
a 16 24 0 35 5
a 17 13 0 101 3
a 17 21 0 16 4
a 17 47 0 26 4
a 22 65 0 101 6
a 22 52 0 36 6
a 22 97 0 44 9
a 23 7 0 101 4
a 23 19 0 6 1
a 24 16 0 101 1
a 24 29 0 50 7
a 24 86 0 15 7
a 25 24 0 101 5
a 25 37 0 42 4
a 25 82 0 33 1
a 27 32 0 101 7
a 27 63 0 34 7
a 29 22 0 101 5
a 29 26 0 31 5
a 29 8 0 7 3
a 30 84 0 101 8
a 30 82 0 17 10
a 30 50 0 34 8
a 31 37 0 101 8
a 31 92 0 20 1
a 32 81 0 101 10
a 32 70 0 20 3
a 33 77 0 101 9
a 33 7 0 41 2
a 34 33 0 101 3
a 34 19 0 11 5
a 37 23 0 101 5
a 37 88 0 28 3
a 37 32 0 50 5
a 44 29 0 101 2
a 44 56 0 7 1
a 54 69 0 101 6
a 54 17 0 38 3
a 55 59 0 101 1
a 55 57 0 25 7
a 55 23 0 42 7
a 59 14 0 101 2
a 59 87 0 38 1
a 59 44 0 2 3
a 62 44 0 101 4
a 62 66 0 47 8
a 63 54 0 101 4
a 63 65 0 8 2
a 63 6 0 15 10
a 65 70 0 101 8
a 65 98 0 4 10
a 67 31 0 101 5
a 67 57 0 33 1
a 67 77 0 20 2
a 69 96 0 101 2
a 69 56 0 38 9
a 69 78 0 8 5
a 70 34 0 101 10
a 70 17 0 40 5
a 70 62 0 49 8
a 74 63 0 101 7
a 74 84 0 36 10
a 76 17 0 101 8
a 76 14 0 12 10
a 77 83 0 101 1
a 77 6 0 29 3
a 78 88 0 101 2
a 78 87 0 11 7
a 78 25 0 28 1
a 81 95 0 101 4
a 81 54 0 21 7
a 81 42 0 48 10
a 83 10 0 101 9
a 83 74 0 33 8
a 83 49 0 44 8
a 84 25 0 101 1
a 84 19 0 17 4
a 84 59 0 11 2
a 88 99 0 101 9
a 88 64 0 39 1
a 89 76 0 101 7
a 89 94 0 50 10
a 89 54 0 31 1
a 91 30 0 101 9
a 91 100 0 101 7
a 92 3 0 101 2
a 92 54 0 2 10
a 95 78 0 101 6
a 95 12 0 5 6
a 96 9 0 101 1
a 96 3 0 25 6
a 97 74 0 101 5
a 97 44 0 42 1
a 98 67 0 101 5
a 98 15 0 20 9
