c PyNETGEN v1.0.0
c $ pip install pynetgen
c
c  NETGEN flow network generation algorithm
c  Problem input parameters
c  -------------------------------------
c   Random seed:          31
c   Number of nodes:      100
c   Source nodes:         2
c   Sink nodes:           2
c   Number of arcs:       251
c   Minimum arc cost:     1
c   Maximum arc cost:     10
c   Total supply:         250
c   Transshipment -
c     Sources:            0
c     Sinks:              0
c   Skeleton arcs -
c     With max cost:      0
c     Capacitated:        100
c   Minimum arc capacity: 1
c   Maximum arc capacity: 50
c
c  *** Minimum cost flow ***
c
p min 100 251
n 1 135
n 2 115
n 99 -94
n 100 -156
a 1 65 0 135 5
a 1 63 0 2 1
a 1 36 0 13 9
a 1 88 0 40 9
a 3 99 0 135 10
a 3 51 0 19 6
a 3 13 0 21 4
a 4 24 0 135 6
a 4 38 0 8 4
a 4 68 0 40 10
a 6 88 0 135 7
a 6 96 0 45 7
a 6 53 0 39 8
a 6 33 0 49 4
a 7 95 0 135 10
a 7 90 0 45 9
a 7 13 0 1 8
a 7 31 0 8 6
a 9 68 0 135 8
a 9 76 0 5 5
a 11 7 0 135 1
a 11 87 0 45 10
a 11 20 0 11 5
a 11 88 0 48 2
a 12 42 0 135 7
a 12 5 0 15 9
a 16 36 0 135 9
a 16 71 0 30 10
a 16 62 0 36 7
a 18 51 0 135 3
a 18 4 0 15 3
a 20 9 0 135 8
a 20 3 0 40 5
a 20 65 0 40 8
a 22 48 0 135 1
a 22 36 0 5 2
a 22 84 0 29 7
a 24 49 0 135 9
a 24 85 0 41 4
a 26 96 0 135 2
a 26 16 0 25 2
a 29 55 0 135 9
a 29 10 0 14 3
a 29 85 0 40 9
a 30 87 0 135 1
a 30 20 0 34 7
a 30 63 0 41 7
a 33 6 0 135 9
a 33 16 0 1 3
a 35 58 0 135 3
a 35 99 0 2 5
a 35 17 0 15 1
a 36 11 0 135 8
a 36 75 0 2 1
a 36 31 0 32 10
a 39 46 0 135 7
a 39 58 0 11 3
a 39 27 0 49 2
a 40 89 0 135 2
a 40 59 0 26 10
a 40 18 0 46 8
a 42 30 0 135 5
a 42 9 0 29 3
a 45 84 0 135 10
a 45 78 0 49 4
a 46 29 0 135 1
a 46 39 0 45 3
a 47 20 0 135 3
a 47 82 0 19 10
a 47 73 0 13 7
a 48 62 0 135 5
a 48 31 0 7 5
a 48 41 0 4 1
a 49 66 0 135 2
a 49 61 0 35 1
a 49 35 0 45 6
a 50 74 0 135 7
a 50 17 0 15 2
a 51 26 0 135 2
a 51 91 0 26 8
a 51 88 0 31 6
a 55 83 0 135 10
a 55 98 0 4 7
a 55 88 0 6 6
a 58 16 0 135 1
a 58 39 0 34 2
a 58 50 0 50 1
a 61 50 0 135 10
a 61 11 0 40 3
a 61 53 0 11 8
a 62 4 0 135 8
a 62 24 0 26 4
a 65 73 0 135 3
a 65 37 0 22 3
a 66 18 0 135 7
a 66 89 0 12 10
a 66 30 0 49 7
a 68 33 0 135 4
a 68 80 0 50 3
a 68 22 0 33 10
a 70 45 0 135 3
a 70 85 0 11 10
a 73 100 0 135 1
a 73 22 0 135 8
a 73 32 0 27 7
a 73 91 0 38 10
a 74 70 0 135 2
a 74 12 0 10 6
a 75 3 0 135 7
a 75 62 0 28 4
a 79 61 0 135 1
a 79 75 0 6 1
a 83 75 0 135 8
a 83 3 0 19 6
a 83 52 0 33 4
a 84 12 0 135 6
a 84 72 0 34 7
a 84 59 0 50 3
a 87 35 0 135 2
a 87 85 0 29 9
a 88 79 0 135 6
a 88 31 0 41 5
a 88 27 0 44 3
a 89 92 0 135 3
a 89 16 0 14 7
a 89 29 0 31 5
a 92 39 0 135 8
a 92 8 0 25 8
a 92 6 0 3 9
a 95 40 0 135 3
a 95 33 0 28 2
a 95 60 0 32 2
a 96 47 0 135 9
a 96 33 0 2 6
a 96 4 0 27 2
a 2 76 0 115 5
a 2 30 0 47 6
a 5 8 0 115 4
a 5 4 0 2 7
a 5 61 0 43 2
a 8 14 0 115 1
a 8 32 0 31 8
a 8 87 0 15 6
a 10 99 0 115 8
a 10 59 0 12 4
a 10 30 0 31 8
a 13 77 0 115 9
a 13 34 0 4 7
a 13 30 0 14 2
a 14 94 0 115 3
a 14 51 0 21 2
a 14 90 0 2 4
a 15 100 0 115 8
a 15 85 0 115 10
a 15 39 0 12 9
a 17 28 0 115 8
a 17 58 0 4 7
a 17 32 0 43 5
a 19 63 0 115 8
a 19 89 0 43 2
a 19 93 0 33 3
a 21 82 0 115 6
a 21 43 0 29 4
a 21 16 0 2 1
a 23 86 0 115 5
a 23 74 0 23 5
a 25 72 0 115 3
a 25 67 0 13 5
a 25 83 0 28 3
a 27 64 0 115 6
a 27 88 0 3 5
a 28 69 0 115 9
a 28 68 0 13 2
a 28 50 0 11 6
a 31 41 0 115 3
a 31 89 0 26 6
a 32 91 0 115 7
a 32 62 0 22 8
a 32 43 0 2 6
a 34 93 0 115 1
a 34 98 0 19 5
a 37 15 0 115 4
a 37 67 0 46 5
a 37 89 0 10 2
a 38 81 0 115 4
a 38 17 0 46 3
a 41 13 0 115 5
a 41 19 0 38 8
a 43 97 0 115 9
a 43 50 0 23 9
a 44 78 0 115 1
a 44 69 0 22 3
a 52 59 0 115 6
a 52 41 0 16 4
a 52 5 0 8 5
a 53 98 0 115 2
a 53 86 0 22 9
a 53 52 0 3 6
a 54 32 0 115 3
a 54 7 0 7 4
a 54 16 0 33 4
a 56 19 0 115 3
a 56 45 0 21 10
a 56 21 0 44 3
a 57 80 0 115 1
a 57 7 0 13 4
a 57 41 0 47 3
a 59 54 0 115 1
a 59 9 0 35 7
a 60 57 0 115 8
a 60 65 0 48 6
a 63 52 0 115 9
a 63 80 0 32 8
a 64 43 0 115 9
a 64 70 0 24 1
a 67 56 0 115 4
a 67 53 0 3 10
a 69 71 0 115 4
a 69 12 0 39 4
a 71 34 0 115 7
a 71 43 0 12 2
a 72 31 0 115 2
a 72 82 0 28 8
a 76 44 0 115 6
a 76 5 0 17 3
a 77 5 0 115 4
a 77 60 0 2 8
a 78 53 0 115 3
a 78 55 0 32 2
a 80 23 0 115 6
a 80 25 0 19 5
a 81 27 0 115 10
a 81 79 0 48 1
a 82 60 0 115 3
a 82 47 0 1 2
a 85 10 0 115 5
a 85 99 0 9 7
a 86 37 0 115 6
a 86 24 0 50 8
a 90 17 0 115 2
a 90 71 0 35 7
a 91 38 0 115 9
a 91 3 0 21 7
a 93 67 0 115 10
a 93 68 0 30 8
a 94 21 0 115 8
a 94 89 0 7 9
a 97 25 0 115 1
a 97 48 0 36 1
a 98 90 0 115 1
a 98 45 0 6 6
