c PyNETGEN v1.0.0
c $ pip install pynetgen
c
c  NETGEN flow network generation algorithm
c  Problem input parameters
c  -------------------------------------
c   Random seed:          86
c   Number of nodes:      100
c   Source nodes:         2
c   Sink nodes:           2
c   Number of arcs:       251
c   Minimum arc cost:     1
c   Maximum arc cost:     10
c   Total supply:         250
c   Transshipment -
c     Sources:            0
c     Sinks:              0
c   Skeleton arcs -
c     With max cost:      0
c     Capacitated:        100
c   Minimum arc capacity: 1
c   Maximum arc capacity: 50
c
c  *** Minimum cost flow ***
c
p min 100 251
n 1 28
n 2 222
n 99 -223
n 100 -27
a 1 37 0 28 10
a 1 72 0 26 1
a 1 84 0 40 4
a 3 30 0 28 8
a 3 75 0 29 1
a 3 18 0 20 3
a 3 59 0 3 4
a 4 48 0 28 10
a 4 73 0 50 5
a 5 21 0 28 1
a 5 100 0 5 8
a 5 98 0 46 2
a 5 40 0 6 3
a 8 3 0 28 1
a 8 22 0 15 1
a 9 51 0 28 6
a 9 31 0 5 10
a 9 73 0 36 4
a 9 52 0 38 2
a 10 96 0 28 6
a 10 29 0 15 9
a 10 16 0 45 10
a 10 9 0 30 7
a 11 33 0 28 1
a 11 70 0 42 8
a 11 36 0 35 9
a 12 17 0 28 8
a 12 97 0 18 8
a 12 34 0 49 2
a 13 42 0 28 9
a 13 100 0 28 10
a 13 98 0 36 2
a 13 73 0 46 9
a 15 8 0 28 3
a 15 23 0 27 2
a 16 11 0 28 10
a 16 24 0 5 3
a 16 27 0 5 8
a 17 73 0 28 7
a 17 13 0 38 8
a 17 46 0 9 6
a 19 40 0 28 7
a 19 28 0 36 2
a 20 39 0 28 4
a 20 42 0 18 7
a 20 43 0 30 1
a 21 15 0 28 9
a 21 38 0 29 4
a 23 60 0 28 5
a 23 13 0 12 8
a 24 13 0 28 10
a 24 73 0 17 7
a 26 58 0 28 8
a 26 9 0 26 2
a 28 9 0 28 7
a 28 70 0 25 6
a 29 26 0 28 4
a 29 67 0 42 5
a 29 100 0 36 5
a 30 47 0 28 7
a 30 61 0 2 10
a 32 61 0 28 7
a 32 3 0 33 2
a 33 52 0 28 2
a 33 68 0 17 9
a 34 59 0 28 7
a 34 95 0 47 1
a 34 9 0 46 3
a 35 63 0 28 2
a 35 50 0 47 1
a 35 70 0 6 1
a 37 53 0 28 3
a 37 31 0 25 7
a 39 23 0 28 8
a 39 65 0 31 4
a 40 65 0 28 3
a 40 42 0 45 9
a 40 92 0 29 2
a 40 49 0 8 4
a 42 43 0 28 7
a 42 80 0 5 4
a 43 44 0 28 8
a 43 78 0 6 7
a 43 12 0 44 7
a 44 78 0 28 3
a 44 16 0 9 5
a 47 34 0 28 1
a 47 41 0 12 3
a 47 70 0 20 4
a 48 29 0 28 9
a 48 64 0 9 9
a 48 87 0 10 1
a 51 10 0 28 5
a 51 75 0 49 1
a 52 28 0 28 3
a 52 71 0 36 10
a 53 56 0 28 7
a 53 84 0 7 6
a 56 35 0 28 8
a 56 90 0 7 10
a 58 16 0 28 10
a 58 95 0 47 3
a 58 43 0 38 7
a 58 53 0 47 7
a 59 19 0 28 3
a 59 88 0 27 9
a 60 82 0 28 5
a 60 90 0 27 7
a 61 83 0 28 8
a 61 5 0 24 1
a 63 32 0 28 3
a 63 35 0 40 4
a 65 87 0 28 7
a 65 59 0 50 8
a 65 100 0 37 2
a 65 55 0 26 9
a 67 70 0 28 1
a 67 57 0 29 10
a 67 46 0 9 9
a 68 20 0 28 5
a 68 56 0 45 10
a 70 86 0 28 7
a 70 40 0 13 9
a 73 5 0 28 3
a 73 30 0 39 7
a 78 12 0 28 2
a 78 47 0 40 2
a 82 24 0 28 8
a 82 73 0 27 2
a 83 4 0 28 1
a 83 73 0 27 10
a 83 63 0 13 9
a 83 8 0 40 8
a 86 91 0 28 10
a 86 24 0 20 10
a 86 17 0 13 1
a 87 99 0 28 10
a 87 82 0 6 1
a 87 7 0 38 7
a 91 68 0 28 6
a 91 34 0 13 1
a 91 95 0 44 4
a 96 67 0 28 6
a 96 17 0 15 5
a 96 43 0 34 10
a 2 45 0 222 5
a 2 34 0 32 1
a 2 61 0 50 1
a 6 98 0 222 7
a 6 46 0 44 2
a 7 84 0 222 7
a 7 93 0 30 10
a 7 52 0 10 8
a 14 97 0 222 5
a 14 19 0 22 2
a 18 81 0 222 3
a 18 57 0 44 7
a 18 59 0 33 6
a 22 69 0 222 5
a 22 63 0 42 6
a 25 7 0 222 5
a 25 55 0 39 3
a 25 58 0 5 2
a 27 55 0 222 9
a 27 33 0 16 2
a 31 76 0 222 2
a 31 66 0 30 1
a 31 60 0 4 1
a 36 18 0 222 10
a 36 67 0 38 4
a 36 89 0 3 1
a 38 62 0 222 5
a 38 4 0 41 10
a 41 85 0 222 7
a 41 22 0 13 7
a 45 57 0 222 4
a 45 65 0 23 4
a 46 22 0 222 5
a 46 72 0 5 6
a 46 85 0 3 8
a 49 25 0 222 1
a 49 47 0 34 7
a 49 87 0 30 1
a 50 49 0 222 7
a 50 87 0 28 5
a 54 89 0 222 5
a 54 97 0 9 10
a 55 95 0 222 4
a 55 65 0 12 3
a 55 75 0 23 6
a 57 93 0 222 10
a 57 9 0 18 1
a 62 77 0 222 8
a 62 33 0 27 2
a 64 79 0 222 2
a 64 10 0 5 9
a 66 50 0 222 7
a 66 49 0 14 2
a 66 45 0 19 8
a 69 14 0 222 10
a 69 99 0 18 1
a 71 66 0 222 1
a 71 6 0 43 5
a 71 73 0 23 6
a 72 99 0 222 6
a 72 36 0 222 6
a 72 71 0 37 10
a 74 6 0 222 5
a 74 54 0 26 3
a 75 80 0 222 7
a 75 8 0 43 4
a 76 64 0 222 7
a 76 29 0 29 3
a 76 14 0 38 10
a 77 90 0 222 2
a 77 76 0 39 1
a 79 41 0 222 4
a 79 95 0 44 5
a 80 74 0 222 7
a 80 57 0 42 8
a 81 31 0 222 5
a 81 86 0 32 4
a 81 36 0 34 8
a 84 46 0 222 2
a 84 3 0 48 9
a 84 60 0 33 5
a 85 27 0 222 8
a 85 23 0 11 8
a 85 91 0 32 8
a 88 100 0 222 4
a 88 3 0 49 10
a 88 90 0 38 8
a 89 92 0 222 2
a 89 91 0 33 10
a 89 11 0 50 8
a 90 88 0 222 6
a 90 18 0 12 9
a 90 93 0 23 9
a 92 38 0 222 10
a 92 78 0 41 5
a 93 71 0 222 3
a 93 46 0 20 5
a 93 99 0 49 5
a 94 72 0 222 6
a 94 75 0 5 6
a 95 75 0 222 5
a 95 47 0 29 7
a 97 94 0 222 7
a 97 60 0 30 4
a 98 54 0 222 10
a 98 97 0 26 1
