c PyNETGEN v1.0.0
c $ pip install pynetgen
c
c  NETGEN flow network generation algorithm
c  Problem input parameters
c  -------------------------------------
c   Random seed:          52
c   Number of nodes:      100
c   Source nodes:         2
c   Sink nodes:           2
c   Number of arcs:       251
c   Minimum arc cost:     1
c   Maximum arc cost:     10
c   Total supply:         250
c   Transshipment -
c     Sources:            0
c     Sinks:              0
c   Skeleton arcs -
c     With max cost:      0
c     Capacitated:        100
c   Minimum arc capacity: 1
c   Maximum arc capacity: 50
c
c  *** Minimum cost flow ***
c
p min 100 251
n 1 125
n 2 125
n 99 -77
n 100 -173
a 1 78 0 125 7
a 1 21 0 7 3
a 3 15 0 125 7
a 3 77 0 37 1
a 3 100 0 7 10
a 5 56 0 125 1
a 5 3 0 48 5
a 5 9 0 17 4
a 5 52 0 21 3
a 6 80 0 125 8
a 6 61 0 11 5
a 6 84 0 18 1
a 6 90 0 25 1
a 9 59 0 125 10
a 9 32 0 14 5
a 9 53 0 44 10
a 11 64 0 125 10
a 11 78 0 37 1
a 11 79 0 13 2
a 11 51 0 1 8
a 12 86 0 125 10
a 12 56 0 30 2
a 12 62 0 35 7
a 14 57 0 125 3
a 14 83 0 6 8
a 14 12 0 39 7
a 15 23 0 125 1
a 15 36 0 43 8
a 15 97 0 31 3
a 19 44 0 125 2
a 19 61 0 32 8
a 19 66 0 34 7
a 21 68 0 125 4
a 21 46 0 36 8
a 23 94 0 125 8
a 23 10 0 48 3
a 28 43 0 125 1
a 28 18 0 19 6
a 28 39 0 13 9
a 30 37 0 125 4
a 30 7 0 28 8
a 31 60 0 125 8
a 31 47 0 32 1
a 33 21 0 125 1
a 33 44 0 15 5
a 34 74 0 125 8
a 34 93 0 39 1
a 34 23 0 38 4
a 34 49 0 39 4
a 37 85 0 125 10
a 37 15 0 5 1
a 38 33 0 125 2
a 38 43 0 43 2
a 38 66 0 27 6
a 39 62 0 125 4
a 39 77 0 5 6
a 40 100 0 125 1
a 40 87 0 125 7
a 40 4 0 15 7
a 43 12 0 125 3
a 43 3 0 29 7
a 43 61 0 3 1
a 44 82 0 125 3
a 44 38 0 31 1
a 48 38 0 125 1
a 48 30 0 45 1
a 53 3 0 125 7
a 53 34 0 17 4
a 53 94 0 39 2
a 54 11 0 125 2
a 54 27 0 47 8
a 56 99 0 125 4
a 56 11 0 30 8
a 57 67 0 125 1
a 57 100 0 19 9
a 57 20 0 16 4
a 59 30 0 125 4
a 59 84 0 24 6
a 60 34 0 125 1
a 60 76 0 24 2
a 62 28 0 125 1
a 62 36 0 12 4
a 64 6 0 125 2
a 64 92 0 9 4
a 64 70 0 49 7
a 66 83 0 125 8
a 66 41 0 38 8
a 66 51 0 12 4
a 66 12 0 40 6
a 67 5 0 125 7
a 67 81 0 33 5
a 68 9 0 125 7
a 68 97 0 28 10
a 68 19 0 41 5
a 71 31 0 125 1
a 71 74 0 37 7
a 74 39 0 125 7
a 74 28 0 1 2
a 78 53 0 125 6
a 78 42 0 6 4
a 78 11 0 36 4
a 80 14 0 125 7
a 80 62 0 10 9
a 80 11 0 30 5
a 82 40 0 125 10
a 82 84 0 11 3
a 82 17 0 44 9
a 83 54 0 125 8
a 83 43 0 45 7
a 83 89 0 49 6
a 85 19 0 125 6
a 85 82 0 49 7
a 85 52 0 46 8
a 86 89 0 125 7
a 86 70 0 10 3
a 86 91 0 41 5
a 87 71 0 125 8
a 87 42 0 13 3
a 87 36 0 43 8
a 89 96 0 125 10
a 89 94 0 22 1
a 89 7 0 29 2
a 94 48 0 125 6
a 94 75 0 50 1
a 95 66 0 125 3
a 95 12 0 4 5
a 96 95 0 125 6
a 96 44 0 12 10
a 96 91 0 20 9
a 2 22 0 125 5
a 2 4 0 26 10
a 4 99 0 125 9
a 4 26 0 22 6
a 7 72 0 125 2
a 7 73 0 12 9
a 7 69 0 41 8
a 8 17 0 125 5
a 8 13 0 45 10
a 8 31 0 46 3
a 10 32 0 125 2
a 10 82 0 23 4
a 13 41 0 125 3
a 13 29 0 1 2
a 16 97 0 125 1
a 16 38 0 47 9
a 16 82 0 15 6
a 17 47 0 125 10
a 17 75 0 28 10
a 17 37 0 26 3
a 18 8 0 125 1
a 18 13 0 31 4
a 20 13 0 125 10
a 20 22 0 6 10
a 20 98 0 2 1
a 22 77 0 125 1
a 22 21 0 38 8
a 22 42 0 3 8
a 24 18 0 125 10
a 24 100 0 125 6
a 24 68 0 41 9
a 24 44 0 17 9
a 25 4 0 125 10
a 25 77 0 36 9
a 25 23 0 8 1
a 26 20 0 125 5
a 26 38 0 41 8
a 26 40 0 41 4
a 27 55 0 125 5
a 27 78 0 30 1
a 27 31 0 6 1
a 29 51 0 125 2
a 29 43 0 7 2
a 29 87 0 17 7
a 32 7 0 125 3
a 32 60 0 21 10
a 32 73 0 36 6
a 35 70 0 125 5
a 35 96 0 20 5
a 36 88 0 125 7
a 36 67 0 15 9
a 41 65 0 125 5
a 41 46 0 38 4
a 42 35 0 125 3
a 42 3 0 35 9
a 42 14 0 17 1
a 45 52 0 125 6
a 45 42 0 17 10
a 45 58 0 16 7
a 46 93 0 125 4
a 46 43 0 46 9
a 46 15 0 22 2
a 47 79 0 125 3
a 47 63 0 30 5
a 47 72 0 26 4
a 49 42 0 125 3
a 49 22 0 11 4
a 49 99 0 7 2
a 50 26 0 125 8
a 50 82 0 21 7
a 50 75 0 5 10
a 51 81 0 125 6
a 51 91 0 29 8
a 52 50 0 125 3
a 52 68 0 20 9
a 55 75 0 125 5
a 55 25 0 34 9
a 55 73 0 27 10
a 58 49 0 125 10
a 58 76 0 22 3
a 58 24 0 31 4
a 61 36 0 125 1
a 61 17 0 37 10
a 63 10 0 125 9
a 63 20 0 32 7
a 65 61 0 125 5
a 65 37 0 17 8
a 65 83 0 30 6
a 69 24 0 125 8
a 69 98 0 13 1
a 70 92 0 125 3
a 70 66 0 40 2
a 72 58 0 125 9
a 72 6 0 46 9
a 73 63 0 125 4
a 73 29 0 29 2
a 75 16 0 125 7
a 75 98 0 10 9
a 76 46 0 125 7
a 76 34 0 39 5
a 77 91 0 125 9
a 77 55 0 46 8
a 79 98 0 125 2
a 79 20 0 21 10
a 81 76 0 125 9
a 81 88 0 28 5
a 84 29 0 125 7
a 84 38 0 16 2
a 88 25 0 125 2
a 88 59 0 32 4
a 90 27 0 125 1
a 90 75 0 6 9
a 91 73 0 125 8
a 91 60 0 25 4
a 92 69 0 125 8
a 92 52 0 32 9
a 93 45 0 125 7
a 93 50 0 39 9
a 97 84 0 125 8
a 97 83 0 17 9
a 98 90 0 125 4
a 98 20 0 29 5
