c PyNETGEN v1.0.0
c $ pip install pynetgen
c
c  NETGEN flow network generation algorithm
c  Problem input parameters
c  -------------------------------------
c   Random seed:          25
c   Number of nodes:      50
c   Source nodes:         2
c   Sink nodes:           2
c   Number of arcs:       109
c   Minimum arc cost:     1
c   Maximum arc cost:     10
c   Total supply:         250
c   Transshipment -
c     Sources:            0
c     Sinks:              0
c   Skeleton arcs -
c     With max cost:      0
c     Capacitated:        100
c   Minimum arc capacity: 1
c   Maximum arc capacity: 50
c
c  *** Minimum cost flow ***
c
p min 50 109
n 1 125
n 2 125
n 49 -48
n 50 -202
a 1 40 0 125 6
a 1 30 0 39 1
a 1 27 0 48 7
a 3 49 0 125 10
a 3 22 0 31 9
a 4 30 0 125 5
a 4 41 0 35 3
a 5 4 0 125 10
a 5 29 0 15 2
a 6 36 0 125 10
a 6 48 0 7 4
a 8 50 0 125 6
a 8 35 0 125 6
a 8 30 0 24 10
a 9 5 0 125 3
a 9 12 0 39 3
a 9 25 0 35 3
a 10 43 0 125 8
a 10 24 0 23 5
a 10 21 0 21 5
a 11 47 0 125 1
a 11 21 0 16 1
a 11 26 0 10 10
a 12 19 0 125 7
a 12 29 0 28 9
a 12 30 0 9 10
a 15 6 0 125 5
a 15 49 0 42 4
a 15 33 0 37 1
a 19 10 0 125 4
a 19 18 0 11 2
a 19 47 0 20 4
a 22 25 0 125 2
a 22 28 0 39 9
a 22 35 0 27 1
a 23 15 0 125 6
a 23 8 0 4 7
a 23 37 0 27 3
a 24 23 0 125 7
a 24 14 0 48 1
a 24 49 0 12 7
a 25 31 0 125 1
a 25 10 0 10 1
a 30 39 0 125 1
a 30 12 0 6 7
a 30 42 0 11 7
a 31 38 0 125 7
a 31 45 0 16 2
a 33 11 0 125 5
a 33 20 0 47 8
a 33 38 0 22 3
a 35 44 0 125 8
a 35 24 0 3 6
a 36 3 0 125 5
a 36 31 0 32 1
a 38 46 0 125 8
a 38 35 0 46 4
a 39 8 0 125 7
a 39 45 0 15 5
a 40 9 0 125 2
a 40 13 0 14 6
a 43 24 0 125 7
a 43 39 0 18 2
a 44 22 0 125 3
a 44 43 0 28 9
a 46 33 0 125 4
a 46 40 0 5 10
a 47 12 0 125 10
a 47 26 0 49 6
a 2 26 0 125 4
a 2 49 0 48 4
a 7 17 0 125 9
a 7 18 0 27 2
a 13 21 0 125 5
a 13 3 0 5 3
a 14 45 0 125 9
a 14 9 0 5 6
a 16 32 0 125 7
a 16 24 0 16 3
a 17 48 0 125 7
a 17 20 0 28 2
a 18 27 0 125 2
a 18 14 0 29 4
a 20 14 0 125 2
a 20 26 0 12 4
a 21 37 0 125 6
a 21 38 0 50 9
a 26 41 0 125 1
a 26 4 0 12 3
a 27 42 0 125 5
a 27 48 0 38 10
a 28 29 0 125 10
a 28 27 0 36 3
a 29 49 0 125 1
a 29 13 0 125 9
a 32 20 0 125 9
a 32 44 0 41 2
a 34 16 0 125 3
a 34 22 0 27 8
a 37 7 0 125 3
a 37 25 0 33 10
a 41 34 0 125 8
a 41 47 0 2 5
a 42 50 0 125 1
a 42 34 0 28 1
a 45 28 0 125 8
a 45 23 0 49 10
a 48 18 0 125 6
a 48 39 0 30 2
