c PyNETGEN v1.0.0
c $ pip install pynetgen
c
c  NETGEN flow network generation algorithm
c  Problem input parameters
c  -------------------------------------
c   Random seed:          81
c   Number of nodes:      50
c   Source nodes:         2
c   Sink nodes:           2
c   Number of arcs:       109
c   Minimum arc cost:     1
c   Maximum arc cost:     10
c   Total supply:         250
c   Transshipment -
c     Sources:            0
c     Sinks:              0
c   Skeleton arcs -
c     With max cost:      0
c     Capacitated:        100
c   Minimum arc capacity: 1
c   Maximum arc capacity: 50
c
c  *** Minimum cost flow ***
c
p min 50 109
n 1 118
n 2 132
n 49 -90
n 50 -160
a 1 14 0 118 7
a 1 46 0 38 6
a 4 18 0 118 2
a 4 37 0 40 6
a 4 49 0 46 2
a 5 48 0 118 1
a 5 16 0 34 7
a 9 40 0 118 4
a 9 16 0 28 2
a 11 19 0 118 9
a 11 28 0 32 4
a 12 42 0 118 2
a 12 34 0 29 8
a 12 14 0 29 8
a 13 29 0 118 6
a 13 37 0 32 3
a 13 22 0 34 10
a 14 16 0 118 6
a 14 36 0 26 8
a 14 34 0 40 7
a 15 45 0 118 4
a 15 44 0 35 4
a 16 9 0 118 5
a 16 10 0 25 8
a 16 7 0 11 10
a 17 27 0 118 10
a 17 14 0 14 7
a 17 32 0 24 8
a 18 15 0 118 10
a 18 16 0 34 5
a 18 25 0 30 4
a 19 49 0 118 7
a 19 3 0 14 7
a 25 30 0 118 1
a 25 37 0 41 9
a 25 24 0 49 5
a 26 11 0 118 9
a 26 49 0 35 4
a 27 43 0 118 7
a 27 20 0 19 4
a 27 44 0 44 1
a 29 12 0 118 1
a 29 33 0 23 9
a 29 13 0 35 2
a 30 39 0 118 9
a 30 10 0 11 7
a 39 5 0 118 3
a 39 44 0 16 9
a 39 17 0 44 10
a 40 13 0 118 5
a 40 7 0 2 3
a 40 45 0 32 10
a 42 25 0 118 3
a 42 11 0 34 4
a 42 41 0 15 6
a 43 26 0 118 2
a 43 50 0 118 10
a 45 17 0 118 5
a 45 44 0 39 10
a 46 4 0 118 7
a 46 30 0 36 2
a 48 46 0 118 1
a 48 21 0 49 9
a 2 37 0 132 3
a 2 15 0 29 4
a 3 49 0 132 2
a 3 37 0 27 4
a 6 44 0 132 2
a 6 43 0 29 2
a 7 41 0 132 4
a 7 33 0 21 4
a 8 20 0 132 2
a 8 33 0 38 1
a 10 36 0 132 6
a 10 44 0 24 4
a 20 6 0 132 1
a 20 24 0 13 9
a 21 38 0 132 2
a 21 50 0 36 6
a 22 31 0 132 9
a 22 36 0 22 1
a 23 21 0 132 1
a 23 20 0 28 2
a 24 47 0 132 1
a 24 9 0 38 8
a 28 24 0 132 8
a 28 35 0 47 10
a 31 3 0 132 8
a 31 14 0 11 3
a 32 50 0 132 4
a 32 23 0 132 8
a 33 35 0 132 2
a 33 42 0 43 5
a 34 8 0 132 5
a 34 50 0 13 8
a 35 34 0 132 8
a 35 7 0 12 4
a 36 33 0 132 9
a 36 4 0 14 9
a 37 10 0 132 10
a 37 44 0 14 6
a 38 7 0 132 2
a 38 16 0 33 2
a 41 22 0 132 7
a 41 39 0 39 7
a 44 28 0 132 5
a 44 4 0 30 10
a 47 32 0 132 5
a 47 33 0 9 8
