c PyNETGEN v1.0.0
c $ pip install pynetgen
c
c  NETGEN flow network generation algorithm
c  Problem input parameters
c  -------------------------------------
c   Random seed:          49
c   Number of nodes:      100
c   Source nodes:         2
c   Sink nodes:           2
c   Number of arcs:       251
c   Minimum arc cost:     1
c   Maximum arc cost:     10
c   Total supply:         250
c   Transshipment -
c     Sources:            0
c     Sinks:              0
c   Skeleton arcs -
c     With max cost:      0
c     Capacitated:        100
c   Minimum arc capacity: 1
c   Maximum arc capacity: 50
c
c  *** Minimum cost flow ***
c
p min 100 251
n 1 155
n 2 95
n 99 -172
n 100 -78
a 1 85 0 155 5
a 1 97 0 42 8
a 1 22 0 36 2
a 1 77 0 45 8
a 3 100 0 155 1
a 3 8 0 155 7
a 3 20 0 34 6
a 3 16 0 10 2
a 3 27 0 50 6
a 5 38 0 155 6
a 5 70 0 7 6
a 5 44 0 6 7
a 8 43 0 155 3
a 8 36 0 8 7
a 9 3 0 155 8
a 9 15 0 14 2
a 9 45 0 46 5
a 9 71 0 26 8
a 10 92 0 155 8
a 10 31 0 31 3
a 10 48 0 32 5
a 12 83 0 155 5
a 12 49 0 49 3
a 12 81 0 9 2
a 13 78 0 155 9
a 13 80 0 10 7
a 18 21 0 155 9
a 18 42 0 19 10
a 19 84 0 155 6
a 19 11 0 18 7
a 19 8 0 13 2
a 20 77 0 155 4
a 20 54 0 11 1
a 20 95 0 39 4
a 21 71 0 155 10
a 21 97 0 26 2
a 22 9 0 155 4
a 22 88 0 22 8
a 28 13 0 155 5
a 28 17 0 44 4
a 33 99 0 155 8
a 33 90 0 9 1
a 33 75 0 11 2
a 33 98 0 45 6
a 35 20 0 155 4
a 35 54 0 26 8
a 38 91 0 155 10
a 38 39 0 50 10
a 38 69 0 20 1
a 40 66 0 155 1
a 40 15 0 10 3
a 41 48 0 155 8
a 41 12 0 14 10
a 42 58 0 155 9
a 42 71 0 16 3
a 43 53 0 155 1
a 43 8 0 19 4
a 43 79 0 34 1
a 43 54 0 50 3
a 46 60 0 155 10
a 46 99 0 13 2
a 48 88 0 155 5
a 48 92 0 50 6
a 49 59 0 155 9
a 49 90 0 11 5
a 49 12 0 23 1
a 52 68 0 155 7
a 52 48 0 1 10
a 53 95 0 155 2
a 53 97 0 12 5
a 57 22 0 155 2
a 57 70 0 15 1
a 58 61 0 155 1
a 58 27 0 26 2
a 58 67 0 19 8
a 58 17 0 30 8
a 59 86 0 155 6
a 59 57 0 45 4
a 60 12 0 155 9
a 60 90 0 40 6
a 60 13 0 6 5
a 61 40 0 155 3
a 61 96 0 27 5
a 62 33 0 155 8
a 62 56 0 23 10
a 64 19 0 155 2
a 64 32 0 34 2
a 65 62 0 155 2
a 65 73 0 39 3
a 65 67 0 4 8
a 65 13 0 7 1
a 66 46 0 155 1
a 66 63 0 23 6
a 66 37 0 45 10
a 68 80 0 155 7
a 68 77 0 48 8
a 71 73 0 155 3
a 71 88 0 3 1
a 73 64 0 155 6
a 73 22 0 22 7
a 77 90 0 155 8
a 77 50 0 40 2
a 77 64 0 47 4
a 78 42 0 155 3
a 78 58 0 13 4
a 80 5 0 155 8
a 80 28 0 37 2
a 83 10 0 155 8
a 83 62 0 1 6
a 84 41 0 155 4
a 84 5 0 12 3
a 84 35 0 13 6
a 84 93 0 2 1
a 85 28 0 155 2
a 85 52 0 12 7
a 86 57 0 155 4
a 86 71 0 48 3
a 88 65 0 155 6
a 88 12 0 21 5
a 88 56 0 16 10
a 88 71 0 14 2
a 89 18 0 155 4
a 89 13 0 12 1
a 90 52 0 155 9
a 90 47 0 20 1
a 90 28 0 36 2
a 91 89 0 155 2
a 91 84 0 50 6
a 91 11 0 18 7
a 92 49 0 155 1
a 92 64 0 4 9
a 92 46 0 18 9
a 95 35 0 155 3
a 95 75 0 29 5
a 95 19 0 50 9
a 2 70 0 95 3
a 2 51 0 41 3
a 2 24 0 50 3
a 4 54 0 95 3
a 4 94 0 35 7
a 4 96 0 13 3
a 6 24 0 95 1
a 6 68 0 32 9
a 6 90 0 12 2
a 7 30 0 95 3
a 7 33 0 45 10
a 11 4 0 95 2
a 11 56 0 12 8
a 11 22 0 31 10
a 14 32 0 95 3
a 14 65 0 38 6
a 15 25 0 95 4
a 15 6 0 22 1
a 15 52 0 49 10
a 16 6 0 95 8
a 16 68 0 17 5
a 17 26 0 95 8
a 17 82 0 4 5
a 23 76 0 95 3
a 23 6 0 20 8
a 24 14 0 95 8
a 24 30 0 5 2
a 24 26 0 46 6
a 25 74 0 95 6
a 25 66 0 15 5
a 25 47 0 48 8
a 26 23 0 95 6
a 26 53 0 43 2
a 26 52 0 31 9
a 27 11 0 95 9
a 27 47 0 34 6
a 27 31 0 39 2
a 29 34 0 95 4
a 29 100 0 8 5
a 29 99 0 37 1
a 30 27 0 95 10
a 30 6 0 49 10
a 31 72 0 95 9
a 31 56 0 14 4
a 31 80 0 14 4
a 32 69 0 95 5
a 32 56 0 33 1
a 34 55 0 95 1
a 34 15 0 45 4
a 34 66 0 6 7
a 36 15 0 95 8
a 36 18 0 15 8
a 36 62 0 30 4
a 37 97 0 95 10
a 37 99 0 95 6
a 37 18 0 30 10
a 37 15 0 29 7
a 39 87 0 95 6
a 39 29 0 38 4
a 39 49 0 24 8
a 44 96 0 95 8
a 44 36 0 15 5
a 45 29 0 95 10
a 45 98 0 48 2
a 47 82 0 95 2
a 47 43 0 11 9
a 50 94 0 95 9
a 50 63 0 49 8
a 50 92 0 47 4
a 51 37 0 95 4
a 51 46 0 44 4
a 54 31 0 95 6
a 54 47 0 5 6
a 55 7 0 95 2
a 55 9 0 2 8
a 56 50 0 95 9
a 56 34 0 18 5
a 63 17 0 95 10
a 63 70 0 44 1
a 67 16 0 95 1
a 67 77 0 18 9
a 67 88 0 14 8
a 69 44 0 95 5
a 69 7 0 10 1
a 70 45 0 95 3
a 70 92 0 36 2
a 70 40 0 30 2
a 72 81 0 95 5
a 72 36 0 11 1
a 74 63 0 95 9
a 74 3 0 37 4
a 75 56 0 95 10
a 75 82 0 25 10
a 75 3 0 33 6
a 76 47 0 95 9
a 76 32 0 14 10
a 79 51 0 95 5
a 79 38 0 40 2
a 79 62 0 30 2
a 81 36 0 95 9
a 81 20 0 12 7
a 81 12 0 28 1
a 82 67 0 95 6
a 82 8 0 6 1
a 87 75 0 95 9
a 87 98 0 3 4
a 93 79 0 95 4
a 93 70 0 24 2
a 94 93 0 95 2
a 94 32 0 38 9
a 96 39 0 95 9
a 96 9 0 5 9
a 97 98 0 95 9
a 97 23 0 42 4
a 98 100 0 95 1
a 98 51 0 40 7
