c PyNETGEN v1.0.0
c $ pip install pynetgen
c
c  NETGEN flow network generation algorithm
c  Problem input parameters
c  -------------------------------------
c   Random seed:          88
c   Number of nodes:      100
c   Source nodes:         2
c   Sink nodes:           2
c   Number of arcs:       251
c   Minimum arc cost:     1
c   Maximum arc cost:     10
c   Total supply:         250
c   Transshipment -
c     Sources:            0
c     Sinks:              0
c   Skeleton arcs -
c     With max cost:      0
c     Capacitated:        100
c   Minimum arc capacity: 1
c   Maximum arc capacity: 50
c
c  *** Minimum cost flow ***
c
p min 100 251
n 1 44
n 2 206
n 99 -108
n 100 -142
a 1 22 0 44 7
a 1 23 0 37 10
a 1 60 0 3 9
a 3 86 0 44 7
a 3 87 0 22 9
a 4 94 0 44 2
a 4 84 0 41 7
a 4 40 0 29 7
a 7 13 0 44 10
a 7 70 0 26 8
a 8 45 0 44 6
a 8 65 0 49 3
a 9 28 0 44 7
a 9 65 0 43 8
a 13 87 0 44 10
a 13 69 0 15 8
a 13 58 0 35 5
a 13 3 0 14 4
a 14 8 0 44 1
a 14 75 0 37 9
a 14 13 0 15 5
a 15 63 0 44 8
a 15 62 0 16 8
a 18 14 0 44 4
a 18 45 0 50 4
a 18 78 0 23 5
a 18 54 0 23 1
a 20 15 0 44 3
a 20 9 0 17 2
a 21 49 0 44 7
a 21 100 0 46 10
a 21 77 0 13 9
a 22 60 0 44 2
a 22 99 0 44 7
a 22 28 0 45 1
a 24 95 0 44 8
a 24 73 0 21 7
a 25 9 0 44 2
a 25 74 0 11 5
a 25 99 0 29 8
a 25 43 0 5 2
a 27 53 0 44 2
a 27 82 0 11 1
a 28 77 0 44 4
a 28 39 0 45 6
a 31 61 0 44 6
a 31 93 0 20 8
a 31 30 0 49 7
a 31 72 0 18 6
a 32 97 0 44 4
a 32 70 0 37 10
a 32 40 0 40 1
a 32 35 0 21 4
a 35 88 0 44 10
a 35 36 0 37 6
a 36 27 0 44 7
a 36 85 0 34 7
a 36 78 0 5 6
a 36 47 0 48 9
a 37 100 0 44 9
a 37 18 0 48 9
a 37 7 0 39 4
a 41 18 0 44 4
a 41 38 0 12 4
a 42 51 0 44 5
a 42 85 0 6 1
a 42 38 0 39 6
a 43 67 0 44 1
a 43 62 0 31 9
a 43 63 0 20 10
a 44 21 0 44 5
a 44 90 0 49 6
a 44 72 0 1 10
a 45 7 0 44 10
a 45 43 0 31 8
a 45 99 0 31 10
a 46 3 0 44 4
a 46 5 0 13 1
a 46 73 0 46 4
a 48 36 0 44 4
a 48 5 0 5 9
a 48 24 0 42 7
a 49 46 0 44 5
a 49 86 0 8 7
a 49 78 0 34 5
a 51 74 0 44 2
a 51 69 0 36 9
a 51 59 0 40 2
a 53 72 0 44 5
a 53 97 0 41 4
a 53 50 0 45 5
a 55 89 0 44 3
a 55 77 0 44 6
a 60 81 0 44 4
a 60 73 0 26 6
a 60 25 0 14 9
a 61 80 0 44 5
a 61 99 0 39 9
a 63 32 0 44 8
a 63 60 0 11 5
a 67 55 0 44 1
a 67 57 0 45 8
a 67 9 0 31 8
a 71 24 0 44 6
a 71 29 0 42 3
a 71 27 0 11 8
a 72 31 0 44 4
a 72 68 0 34 10
a 72 83 0 23 2
a 74 41 0 44 4
a 74 22 0 48 2
a 77 82 0 44 3
a 77 76 0 21 7
a 80 37 0 44 10
a 80 79 0 18 6
a 80 74 0 4 8
a 81 71 0 44 2
a 81 28 0 5 9
a 82 44 0 44 4
a 82 71 0 1 1
a 82 5 0 18 7
a 83 25 0 44 8
a 83 33 0 49 2
a 86 42 0 44 9
a 86 62 0 38 6
a 86 98 0 14 9
a 87 48 0 44 7
a 87 35 0 6 6
a 87 3 0 44 9
a 88 83 0 44 5
a 88 99 0 7 10
a 88 51 0 50 1
a 89 35 0 44 4
a 89 42 0 10 2
a 94 43 0 44 8
a 94 56 0 26 2
a 95 20 0 44 7
a 95 26 0 47 3
a 97 4 0 44 3
a 97 94 0 47 2
a 97 39 0 5 7
a 2 12 0 206 10
a 2 78 0 32 8
a 2 9 0 45 8
a 5 93 0 206 9
a 5 26 0 43 7
a 5 94 0 43 6
a 6 68 0 206 7
a 6 35 0 16 9
a 10 59 0 206 8
a 10 39 0 9 9
a 11 38 0 206 4
a 11 85 0 17 5
a 11 73 0 38 9
a 12 78 0 206 2
a 12 90 0 8 7
a 16 56 0 206 5
a 16 33 0 38 2
a 16 80 0 10 2
a 17 39 0 206 5
a 17 76 0 2 3
a 19 79 0 206 4
a 19 11 0 36 9
a 19 60 0 31 1
a 23 10 0 206 2
a 23 69 0 44 8
a 23 44 0 14 4
a 26 19 0 206 3
a 26 72 0 20 10
a 29 69 0 206 3
a 29 54 0 48 2
a 29 90 0 17 7
a 30 58 0 206 1
a 30 24 0 24 2
a 33 70 0 206 2
a 33 17 0 27 6
a 33 3 0 3 3
a 34 11 0 206 10
a 34 72 0 17 6
a 34 81 0 34 8
a 38 76 0 206 4
a 38 85 0 47 6
a 39 16 0 206 4
a 39 64 0 5 6
a 39 63 0 9 5
a 40 17 0 206 1
a 40 92 0 30 10
a 40 66 0 21 6
a 47 96 0 206 1
a 47 28 0 6 5
a 50 73 0 206 8
a 50 26 0 21 2
a 52 84 0 206 3
a 52 16 0 8 7
a 52 66 0 44 5
a 54 91 0 206 1
a 54 25 0 34 2
a 56 98 0 206 10
a 56 34 0 48 9
a 56 30 0 28 4
a 57 34 0 206 9
a 57 15 0 36 9
a 57 67 0 14 5
a 58 62 0 206 4
a 58 75 0 36 4
a 58 24 0 49 1
a 59 100 0 206 4
a 59 39 0 29 5
a 62 57 0 206 7
a 62 94 0 6 5
a 64 75 0 206 2
a 64 40 0 1 8
a 65 54 0 206 4
a 65 12 0 3 6
a 66 65 0 206 1
a 66 79 0 6 10
a 68 40 0 206 5
a 68 88 0 23 1
a 69 30 0 206 5
a 69 26 0 43 4
a 70 85 0 206 5
a 70 87 0 21 1
a 73 23 0 206 4
a 73 65 0 16 2
a 73 52 0 10 1
a 75 5 0 206 7
a 75 99 0 206 9
a 75 67 0 8 7
a 75 62 0 38 3
a 76 64 0 206 5
a 76 40 0 39 4
a 78 90 0 206 6
a 78 67 0 5 2
a 79 29 0 206 7
a 79 53 0 44 6
a 84 26 0 206 5
a 84 82 0 4 10
a 85 52 0 206 8
a 85 58 0 44 3
a 90 33 0 206 8
a 90 62 0 45 10
a 91 6 0 206 5
a 91 34 0 31 4
a 92 50 0 206 2
a 92 13 0 48 4
a 93 66 0 206 6
a 93 52 0 35 6
a 96 92 0 206 1
a 96 4 0 32 5
a 98 47 0 206 4
a 98 99 0 50 1
