c PyNETGEN v1.0.0
c $ pip install pynetgen
c
c  NETGEN flow network generation algorithm
c  Problem input parameters
c  -------------------------------------
c   Random seed:          50
c   Number of nodes:      100
c   Source nodes:         2
c   Sink nodes:           2
c   Number of arcs:       251
c   Minimum arc cost:     1
c   Maximum arc cost:     10
c   Total supply:         250
c   Transshipment -
c     Sources:            0
c     Sinks:              0
c   Skeleton arcs -
c     With max cost:      0
c     Capacitated:        100
c   Minimum arc capacity: 1
c   Maximum arc capacity: 50
c
c  *** Minimum cost flow ***
c
p min 100 251
n 1 163
n 2 87
n 99 -171
n 100 -79
a 1 93 0 163 10
a 1 39 0 46 4
a 1 11 0 44 1
a 1 22 0 8 1
a 3 4 0 163 4
a 3 80 0 19 3
a 4 64 0 163 10
a 4 93 0 18 7
a 4 91 0 21 9
a 4 79 0 50 6
a 6 68 0 163 10
a 6 97 0 12 10
a 11 49 0 163 4
a 11 30 0 48 2
a 11 97 0 29 6
a 13 80 0 163 5
a 13 76 0 30 6
a 13 86 0 12 1
a 15 50 0 163 10
a 15 54 0 50 3
a 16 26 0 163 10
a 16 60 0 17 8
a 16 50 0 46 6
a 16 71 0 20 1
a 18 74 0 163 8
a 18 21 0 1 1
a 18 100 0 46 1
a 19 35 0 163 1
a 19 46 0 13 3
a 22 39 0 163 1
a 22 99 0 163 8
a 22 46 0 40 3
a 22 11 0 18 4
a 26 76 0 163 1
a 26 63 0 21 9
a 26 5 0 25 4
a 28 73 0 163 7
a 28 22 0 44 3
a 28 10 0 12 10
a 29 81 0 163 8
a 29 61 0 16 5
a 29 37 0 38 9
a 31 66 0 163 5
a 31 26 0 32 9
a 34 88 0 163 9
a 34 26 0 14 7
a 34 79 0 17 10
a 35 34 0 163 10
a 35 21 0 50 6
a 36 15 0 163 2
a 36 80 0 20 6
a 36 33 0 41 8
a 37 22 0 163 2
a 37 28 0 1 10
a 37 47 0 36 10
a 39 36 0 163 7
a 39 73 0 4 5
a 40 95 0 163 4
a 40 32 0 3 10
a 40 24 0 1 3
a 43 58 0 163 6
a 43 62 0 1 8
a 43 33 0 32 8
a 44 13 0 163 4
a 44 94 0 43 1
a 46 37 0 163 6
a 46 80 0 15 4
a 49 92 0 163 5
a 49 74 0 20 7
a 50 43 0 163 2
a 50 60 0 35 3
a 51 44 0 163 8
a 51 57 0 4 5
a 51 30 0 9 10
a 52 51 0 163 9
a 52 18 0 41 1
a 58 79 0 163 2
a 58 88 0 37 7
a 58 26 0 33 7
a 60 63 0 163 7
a 60 42 0 31 6
a 60 87 0 25 8
a 63 52 0 163 3
a 63 42 0 45 4
a 64 16 0 163 5
a 64 56 0 15 3
a 65 78 0 163 3
a 65 92 0 34 5
a 65 59 0 5 4
a 66 46 0 163 5
a 66 70 0 50 9
a 66 82 0 44 6
a 68 3 0 163 9
a 68 28 0 26 5
a 71 31 0 163 5
a 71 21 0 12 1
a 71 64 0 39 5
a 72 28 0 163 9
a 72 38 0 16 7
a 73 89 0 163 9
a 73 15 0 12 4
a 73 71 0 39 1
a 74 19 0 163 7
a 74 46 0 14 10
a 75 11 0 163 1
a 75 64 0 30 7
a 76 65 0 163 8
a 76 51 0 18 3
a 78 40 0 163 10
a 78 18 0 19 8
a 78 30 0 41 10
a 79 60 0 163 6
a 79 44 0 49 1
a 79 63 0 7 2
a 80 75 0 163 6
a 80 90 0 13 3
a 81 72 0 163 10
a 81 71 0 34 4
a 81 100 0 45 7
a 86 100 0 163 4
a 86 22 0 49 4
a 86 37 0 11 8
a 88 6 0 163 10
a 88 27 0 44 10
a 88 48 0 21 2
a 89 86 0 163 2
a 89 52 0 2 6
a 89 61 0 4 5
a 91 71 0 163 10
a 91 80 0 28 10
a 92 29 0 163 2
a 92 59 0 38 5
a 93 18 0 163 5
a 93 47 0 39 9
a 93 27 0 24 6
a 95 91 0 163 6
a 95 33 0 35 10
a 2 54 0 87 7
a 2 89 0 4 7
a 2 77 0 4 7
a 5 97 0 87 2
a 5 64 0 15 6
a 5 87 0 3 1
a 7 99 0 87 6
a 7 100 0 43 6
a 8 7 0 87 4
a 8 70 0 39 3
a 9 98 0 87 4
a 9 36 0 47 1
a 9 38 0 27 10
a 10 45 0 87 9
a 10 27 0 16 5
a 12 62 0 87 2
a 12 13 0 49 7
a 14 59 0 87 1
a 14 20 0 23 5
a 14 66 0 22 7
a 17 5 0 87 8
a 17 68 0 47 6
a 20 94 0 87 3
a 20 43 0 25 5
a 20 6 0 29 10
a 21 38 0 87 8
a 21 57 0 39 4
a 21 28 0 33 9
a 23 84 0 87 6
a 23 14 0 30 2
a 23 62 0 11 3
a 24 12 0 87 1
a 24 95 0 33 10
a 24 21 0 5 8
a 25 33 0 87 10
a 25 36 0 34 8
a 25 34 0 3 6
a 27 17 0 87 8
a 27 4 0 23 7
a 27 63 0 39 6
a 30 24 0 87 3
a 30 57 0 45 4
a 32 67 0 87 8
a 32 27 0 38 4
a 33 48 0 87 1
a 33 82 0 48 3
a 33 60 0 21 8
a 38 53 0 87 10
a 38 99 0 18 5
a 38 66 0 49 3
a 41 27 0 87 10
a 41 42 0 41 1
a 42 10 0 87 6
a 42 62 0 24 9
a 42 12 0 17 5
a 45 70 0 87 10
a 45 100 0 87 5
a 45 8 0 26 6
a 47 83 0 87 10
a 47 85 0 31 5
a 48 56 0 87 4
a 48 72 0 39 8
a 53 77 0 87 4
a 53 17 0 17 8
a 53 92 0 19 6
a 54 57 0 87 8
a 54 50 0 39 8
a 55 14 0 87 10
a 55 62 0 24 7
a 55 32 0 2 9
a 56 23 0 87 10
a 56 94 0 42 6
a 57 55 0 87 5
a 57 71 0 21 9
a 59 25 0 87 2
a 59 58 0 33 8
a 59 90 0 41 4
a 61 82 0 87 8
a 61 52 0 1 10
a 61 51 0 35 4
a 62 87 0 87 5
a 62 15 0 12 10
a 62 76 0 13 3
a 67 61 0 87 4
a 67 85 0 33 4
a 69 42 0 87 3
a 69 74 0 42 10
a 69 79 0 27 1
a 70 47 0 87 7
a 70 75 0 19 9
a 77 69 0 87 7
a 77 39 0 36 10
a 77 22 0 8 4
a 82 90 0 87 9
a 82 53 0 4 6
a 83 96 0 87 5
a 83 78 0 2 2
a 83 75 0 34 10
a 84 41 0 87 5
a 84 71 0 24 8
a 85 32 0 87 10
a 85 3 0 48 2
a 87 21 0 87 4
a 87 68 0 4 9
a 90 9 0 87 3
a 90 78 0 43 8
a 94 8 0 87 5
a 94 18 0 36 8
a 96 85 0 87 3
a 96 44 0 33 7
a 97 30 0 87 1
a 97 44 0 18 8
a 98 20 0 87 10
a 98 85 0 5 2
