c PyNETGEN v1.0.0
c $ pip install pynetgen
c
c  NETGEN flow network generation algorithm
c  Problem input parameters
c  -------------------------------------
c   Random seed:          33
c   Number of nodes:      100
c   Source nodes:         2
c   Sink nodes:           2
c   Number of arcs:       251
c   Minimum arc cost:     1
c   Maximum arc cost:     10
c   Total supply:         250
c   Transshipment -
c     Sources:            0
c     Sinks:              0
c   Skeleton arcs -
c     With max cost:      0
c     Capacitated:        100
c   Minimum arc capacity: 1
c   Maximum arc capacity: 50
c
c  *** Minimum cost flow ***
c
p min 100 251
n 1 7
n 2 243
n 99 -100
n 100 -150
a 1 50 0 7 2
a 1 14 0 13 10
a 1 12 0 26 7
a 1 99 0 16 9
a 6 78 0 7 3
a 6 82 0 21 10
a 6 67 0 9 7
a 6 80 0 35 7
a 7 23 0 7 5
a 7 41 0 35 3
a 9 39 0 7 8
a 9 79 0 48 8
a 9 13 0 50 8
a 9 95 0 41 2
a 18 19 0 7 5
a 18 53 0 7 6
a 18 98 0 31 3
a 18 58 0 36 6
a 19 40 0 7 1
a 19 75 0 9 10
a 21 98 0 7 1
a 21 83 0 8 4
a 21 31 0 50 6
a 23 84 0 7 1
a 23 67 0 5 10
a 24 54 0 7 3
a 24 70 0 14 7
a 25 71 0 7 2
a 25 87 0 7 7
a 30 35 0 7 4
a 30 72 0 5 9
a 30 82 0 29 9
a 30 31 0 40 8
a 35 21 0 7 1
a 35 19 0 47 5
a 35 87 0 29 3
a 36 9 0 7 3
a 36 49 0 32 7
a 39 88 0 7 7
a 39 94 0 32 6
a 40 73 0 7 1
a 40 92 0 5 8
a 40 11 0 23 7
a 41 92 0 7 2
a 41 48 0 20 9
a 41 84 0 12 6
a 46 64 0 7 10
a 46 18 0 32 6
a 47 85 0 7 4
a 47 13 0 46 2
a 49 63 0 7 1
a 49 41 0 29 7
a 50 81 0 7 9
a 50 83 0 39 3
a 50 39 0 26 4
a 53 99 0 7 6
a 53 18 0 7 6
a 53 20 0 33 10
a 53 72 0 16 9
a 54 82 0 7 4
a 54 16 0 48 5
a 55 100 0 7 9
a 55 83 0 9 3
a 55 77 0 47 1
a 59 77 0 7 5
a 59 33 0 40 1
a 59 5 0 20 10
a 61 72 0 7 9
a 61 24 0 10 4
a 61 75 0 43 2
a 62 95 0 7 7
a 62 14 0 37 6
a 62 41 0 30 7
a 63 83 0 7 2
a 63 74 0 13 9
a 64 70 0 7 4
a 64 17 0 13 3
a 65 6 0 7 1
a 65 99 0 41 5
a 65 70 0 34 8
a 69 53 0 7 4
a 69 18 0 2 3
a 70 69 0 7 6
a 70 71 0 29 6
a 71 59 0 7 3
a 71 81 0 6 3
a 72 79 0 7 5
a 72 23 0 9 9
a 73 90 0 7 5
a 73 41 0 9 6
a 77 55 0 7 4
a 77 97 0 11 4
a 77 68 0 9 10
a 77 64 0 25 2
a 78 46 0 7 2
a 78 88 0 36 8
a 78 93 0 32 7
a 79 36 0 7 1
a 79 13 0 20 5
a 80 30 0 7 2
a 80 14 0 48 3
a 80 31 0 9 6
a 81 47 0 7 6
a 81 17 0 4 9
a 81 90 0 16 1
a 82 62 0 7 2
a 82 16 0 31 1
a 83 80 0 7 10
a 83 95 0 32 8
a 84 65 0 7 8
a 84 88 0 16 8
a 84 82 0 29 7
a 85 49 0 7 2
a 85 10 0 49 5
a 85 52 0 14 8
a 87 25 0 7 4
a 87 44 0 12 10
a 87 15 0 26 2
a 88 41 0 7 10
a 88 20 0 8 10
a 88 78 0 36 8
a 90 24 0 7 2
a 90 78 0 30 6
a 92 7 0 7 9
a 92 49 0 13 6
a 95 87 0 7 3
a 95 37 0 15 2
a 98 61 0 7 3
a 98 90 0 23 9
a 2 43 0 243 9
a 2 52 0 33 7
a 2 95 0 22 4
a 3 4 0 243 5
a 3 76 0 42 1
a 3 5 0 1 7
a 4 93 0 243 9
a 4 76 0 15 9
a 5 32 0 243 5
a 5 67 0 47 3
a 5 83 0 31 5
a 8 27 0 243 2
a 8 48 0 49 5
a 10 68 0 243 3
a 10 79 0 23 3
a 11 31 0 243 9
a 11 7 0 9 3
a 11 40 0 23 5
a 12 13 0 243 8
a 12 10 0 43 4
a 13 34 0 243 7
a 13 82 0 36 5
a 14 22 0 243 6
a 14 23 0 25 4
a 14 31 0 31 5
a 15 38 0 243 9
a 15 20 0 47 7
a 16 8 0 243 8
a 16 79 0 20 3
a 16 83 0 47 6
a 17 45 0 243 8
a 17 87 0 37 2
a 20 86 0 243 5
a 20 67 0 45 3
a 20 13 0 13 7
a 22 99 0 243 3
a 22 88 0 34 4
a 22 31 0 50 4
a 26 17 0 243 4
a 26 34 0 50 8
a 27 20 0 243 1
a 27 88 0 30 4
a 28 96 0 243 10
a 28 55 0 12 7
a 29 5 0 243 3
a 29 78 0 3 2
a 29 76 0 46 1
a 31 29 0 243 2
a 31 70 0 20 9
a 32 14 0 243 8
a 32 25 0 31 9
a 33 97 0 243 8
a 33 82 0 23 2
a 33 87 0 19 5
a 34 51 0 243 10
a 34 43 0 8 5
a 34 50 0 29 8
a 37 28 0 243 6
a 37 26 0 28 5
a 38 52 0 243 2
a 38 62 0 22 3
a 42 33 0 243 5
a 42 81 0 46 9
a 42 9 0 47 9
a 42 79 0 15 8
a 43 67 0 243 4
a 43 8 0 11 7
a 43 15 0 6 4
a 44 37 0 243 2
a 44 22 0 37 4
a 45 66 0 243 2
a 45 11 0 25 7
a 48 91 0 243 8
a 48 24 0 11 8
a 51 60 0 243 1
a 51 99 0 31 8
a 52 3 0 243 3
a 52 40 0 44 9
a 56 58 0 243 7
a 56 42 0 11 7
a 57 26 0 243 4
a 57 44 0 14 7
a 57 75 0 37 7
a 58 44 0 243 6
a 58 6 0 1 8
a 58 94 0 42 3
a 60 48 0 243 10
a 60 98 0 2 8
a 60 10 0 32 8
a 66 76 0 243 5
a 66 81 0 16 4
a 67 74 0 243 1
a 67 21 0 39 7
a 67 3 0 14 9
a 67 69 0 43 6
a 68 94 0 243 4
a 68 17 0 18 7
a 74 16 0 243 8
a 74 42 0 8 7
a 75 12 0 243 10
a 75 22 0 42 7
a 76 15 0 243 6
a 76 33 0 20 5
a 86 89 0 243 2
a 86 32 0 46 7
a 89 10 0 243 10
a 89 4 0 10 10
a 89 15 0 41 9
a 89 96 0 19 7
a 91 42 0 243 7
a 91 96 0 4 3
a 93 11 0 243 7
a 93 100 0 243 4
a 93 24 0 6 6
a 93 53 0 46 10
a 94 75 0 243 3
a 94 82 0 22 1
a 94 14 0 13 8
a 96 57 0 243 8
a 96 88 0 35 9
a 97 56 0 243 2
a 97 46 0 30 9
