c PyNETGEN v1.0.0
c $ pip install pynetgen
c
c  NETGEN flow network generation algorithm
c  Problem input parameters
c  -------------------------------------
c   Random seed:          90
c   Number of nodes:      100
c   Source nodes:         2
c   Sink nodes:           2
c   Number of arcs:       251
c   Minimum arc cost:     1
c   Maximum arc cost:     10
c   Total supply:         250
c   Transshipment -
c     Sources:            0
c     Sinks:              0
c   Skeleton arcs -
c     With max cost:      0
c     Capacitated:        100
c   Minimum arc capacity: 1
c   Maximum arc capacity: 50
c
c  *** Minimum cost flow ***
c
p min 100 251
n 1 6
n 2 244
n 99 -242
n 100 -8
a 1 38 0 6 4
a 1 4 0 45 9
a 1 37 0 16 7
a 5 57 0 6 6
a 5 99 0 15 7
a 6 84 0 6 4
a 6 26 0 29 7
a 6 87 0 31 1
a 6 66 0 47 10
a 9 12 0 6 4
a 9 97 0 37 6
a 10 72 0 6 5
a 10 94 0 28 3
a 10 45 0 35 6
a 11 56 0 6 5
a 11 31 0 24 5
a 11 47 0 15 3
a 11 30 0 39 4
a 12 11 0 6 4
a 12 43 0 41 4
a 12 57 0 12 1
a 18 34 0 6 1
a 18 94 0 5 9
a 18 15 0 27 7
a 19 6 0 6 8
a 19 87 0 11 1
a 19 98 0 25 2
a 19 56 0 45 6
a 20 88 0 6 5
a 20 50 0 18 8
a 20 35 0 36 6
a 22 28 0 6 7
a 22 25 0 15 6
a 22 77 0 12 5
a 28 70 0 6 7
a 28 46 0 33 3
a 28 7 0 44 8
a 29 48 0 6 7
a 29 69 0 31 2
a 29 34 0 11 5
a 31 86 0 6 5
a 31 88 0 8 10
a 31 14 0 50 2
a 32 37 0 6 9
a 32 65 0 2 7
a 34 45 0 6 10
a 34 90 0 47 3
a 34 60 0 50 7
a 37 74 0 6 9
a 37 17 0 24 3
a 37 90 0 9 8
a 38 94 0 6 5
a 38 82 0 5 2
a 38 20 0 3 2
a 40 43 0 6 10
a 40 73 0 7 4
a 40 59 0 13 10
a 43 99 0 6 7
a 43 58 0 6 7
a 43 61 0 41 3
a 43 67 0 44 1
a 45 97 0 6 1
a 45 29 0 5 6
a 47 29 0 6 9
a 47 50 0 36 10
a 47 75 0 2 1
a 48 64 0 6 8
a 48 5 0 33 6
a 48 32 0 50 4
a 49 31 0 6 10
a 49 86 0 24 4
a 49 36 0 15 5
a 54 96 0 6 7
a 54 74 0 19 4
a 54 37 0 34 2
a 56 78 0 6 6
a 56 84 0 26 7
a 57 87 0 6 10
a 57 74 0 31 7
a 58 95 0 6 1
a 58 28 0 5 1
a 58 15 0 26 10
a 61 79 0 6 4
a 61 36 0 22 7
a 61 24 0 18 3
a 62 49 0 6 8
a 62 88 0 24 5
a 64 75 0 6 8
a 64 97 0 40 1
a 65 5 0 6 3
a 65 20 0 28 4
a 70 61 0 6 6
a 70 100 0 13 3
a 72 89 0 6 9
a 72 64 0 12 7
a 72 55 0 39 5
a 74 40 0 6 3
a 74 48 0 24 2
a 75 62 0 6 8
a 75 30 0 18 3
a 75 84 0 15 6
a 78 47 0 6 3
a 78 7 0 21 9
a 79 19 0 6 2
a 79 13 0 28 7
a 81 100 0 6 2
a 81 96 0 23 2
a 81 87 0 44 3
a 84 90 0 6 8
a 84 17 0 37 4
a 86 32 0 6 3
a 86 81 0 36 3
a 86 64 0 18 7
a 87 10 0 6 10
a 87 6 0 49 10
a 87 17 0 35 7
a 88 65 0 6 10
a 88 97 0 31 8
a 89 22 0 6 2
a 89 6 0 27 2
a 90 18 0 6 8
a 90 28 0 19 5
a 91 54 0 6 5
a 91 32 0 22 7
a 94 9 0 6 10
a 94 61 0 26 10
a 95 91 0 6 1
a 95 61 0 17 1
a 95 24 0 11 9
a 96 20 0 6 2
a 96 27 0 37 7
a 97 81 0 6 7
a 97 37 0 15 3
a 97 67 0 30 10
a 2 76 0 244 4
a 2 64 0 41 5
a 3 16 0 244 1
a 3 62 0 28 10
a 4 7 0 244 7
a 4 19 0 20 7
a 7 14 0 244 8
a 7 17 0 48 9
a 7 40 0 27 9
a 8 99 0 244 10
a 8 22 0 6 10
a 13 67 0 244 4
a 13 78 0 7 4
a 13 85 0 41 7
a 14 25 0 244 5
a 14 47 0 42 6
a 15 100 0 244 4
a 15 55 0 244 8
a 15 12 0 48 4
a 15 84 0 1 8
a 16 24 0 244 10
a 16 11 0 42 3
a 17 93 0 244 3
a 17 16 0 27 3
a 21 51 0 244 2
a 21 98 0 50 1
a 23 73 0 244 8
a 23 25 0 37 9
a 23 97 0 35 7
a 24 35 0 244 2
a 24 52 0 2 8
a 25 8 0 244 9
a 25 28 0 30 8
a 26 36 0 244 3
a 26 13 0 41 10
a 26 98 0 42 1
a 27 21 0 244 1
a 27 97 0 41 9
a 27 76 0 50 4
a 30 17 0 244 9
a 30 25 0 42 4
a 30 60 0 33 10
a 33 60 0 244 9
a 33 37 0 8 2
a 33 51 0 14 9
a 35 92 0 244 4
a 35 52 0 28 7
a 35 27 0 3 3
a 36 82 0 244 1
a 36 80 0 19 10
a 36 89 0 21 10
a 39 80 0 244 5
a 39 30 0 26 1
a 39 82 0 29 1
a 41 46 0 244 7
a 41 89 0 13 9
a 42 15 0 244 9
a 42 35 0 33 4
a 42 50 0 45 8
a 44 26 0 244 1
a 44 58 0 19 3
a 44 96 0 34 10
a 46 68 0 244 5
a 46 62 0 36 9
a 50 63 0 244 3
a 50 92 0 29 6
a 50 11 0 41 10
a 51 41 0 244 4
a 51 28 0 47 8
a 51 75 0 7 2
a 52 33 0 244 6
a 52 4 0 6 8
a 53 42 0 244 4
a 53 28 0 15 8
a 55 44 0 244 6
a 55 100 0 9 8
a 59 4 0 244 10
a 59 5 0 43 10
a 59 8 0 38 2
a 60 30 0 244 3
a 60 31 0 36 5
a 63 13 0 244 1
a 63 87 0 44 7
a 66 77 0 244 10
a 66 6 0 12 6
a 66 78 0 25 1
a 67 3 0 244 7
a 67 39 0 41 8
a 68 23 0 244 10
a 68 39 0 26 7
a 69 53 0 244 2
a 69 3 0 13 9
a 69 66 0 47 4
a 71 83 0 244 8
a 71 4 0 44 1
a 71 56 0 16 3
a 73 39 0 244 6
a 73 95 0 17 8
a 76 98 0 244 1
a 76 16 0 24 3
a 77 69 0 244 1
a 77 51 0 27 1
a 80 71 0 244 6
a 80 85 0 10 6
a 80 12 0 28 2
a 82 52 0 244 5
a 82 69 0 47 10
a 83 50 0 244 10
a 83 16 0 16 3
a 85 66 0 244 5
a 85 48 0 44 2
a 92 59 0 244 7
a 92 26 0 41 5
a 93 27 0 244 8
a 93 45 0 31 6
a 98 85 0 244 8
a 98 33 0 27 4
