c PyNETGEN v1.0.0
c $ pip install pynetgen
c
c  NETGEN flow network generation algorithm
c  Problem input parameters
c  -------------------------------------
c   Random seed:          55
c   Number of nodes:      100
c   Source nodes:         2
c   Sink nodes:           2
c   Number of arcs:       251
c   Minimum arc cost:     1
c   Maximum arc cost:     10
c   Total supply:         250
c   Transshipment -
c     Sources:            0
c     Sinks:              0
c   Skeleton arcs -
c     With max cost:      0
c     Capacitated:        100
c   Minimum arc capacity: 1
c   Maximum arc capacity: 50
c
c  *** Minimum cost flow ***
c
p min 100 251
n 1 125
n 2 125
n 99 -124
n 100 -126
a 1 71 0 125 6
a 1 42 0 22 8
a 3 88 0 125 8
a 3 30 0 29 4
a 3 68 0 20 2
a 4 8 0 125 2
a 4 31 0 30 1
a 5 58 0 125 5
a 5 71 0 43 9
a 5 70 0 42 3
a 5 83 0 46 2
a 6 90 0 125 9
a 6 46 0 18 6
a 6 15 0 3 7
a 7 22 0 125 3
a 7 53 0 9 10
a 7 63 0 2 3
a 8 84 0 125 6
a 8 4 0 1 10
a 8 42 0 29 7
a 8 58 0 2 5
a 10 6 0 125 8
a 10 73 0 17 10
a 17 47 0 125 1
a 17 78 0 43 5
a 17 26 0 21 1
a 20 40 0 125 7
a 20 30 0 39 9
a 20 75 0 11 3
a 20 82 0 4 4
a 22 3 0 125 2
a 22 82 0 35 1
a 22 71 0 20 6
a 22 83 0 1 8
a 23 80 0 125 2
a 23 100 0 31 10
a 24 17 0 125 2
a 24 100 0 40 10
a 28 99 0 125 9
a 28 79 0 37 7
a 30 66 0 125 9
a 30 20 0 45 5
a 30 82 0 19 2
a 30 96 0 36 7
a 31 32 0 125 7
a 31 8 0 38 6
a 31 39 0 19 4
a 32 48 0 125 6
a 32 97 0 10 1
a 33 38 0 125 6
a 33 17 0 50 9
a 33 57 0 33 5
a 34 94 0 125 3
a 34 5 0 31 1
a 34 65 0 28 5
a 38 34 0 125 10
a 38 45 0 15 10
a 40 42 0 125 7
a 40 36 0 31 4
a 40 30 0 32 8
a 42 10 0 125 5
a 42 58 0 47 5
a 42 85 0 24 4
a 45 30 0 125 4
a 45 10 0 48 1
a 47 68 0 125 1
a 47 76 0 17 5
a 48 73 0 125 8
a 48 50 0 6 10
a 49 28 0 125 6
a 49 21 0 17 10
a 52 45 0 125 8
a 52 9 0 11 4
a 55 31 0 125 2
a 55 62 0 30 6
a 58 61 0 125 10
a 58 73 0 23 4
a 61 4 0 125 5
a 61 13 0 40 4
a 62 52 0 125 8
a 62 100 0 125 9
a 62 65 0 38 2
a 62 32 0 27 1
a 62 10 0 30 9
a 66 75 0 125 2
a 66 78 0 27 2
a 66 41 0 42 4
a 68 85 0 125 2
a 68 74 0 41 2
a 71 78 0 125 3
a 71 46 0 9 9
a 71 29 0 3 6
a 73 23 0 125 3
a 73 27 0 40 7
a 75 24 0 125 5
a 75 69 0 26 9
a 75 20 0 34 5
a 78 89 0 125 9
a 78 96 0 16 4
a 78 53 0 37 8
a 80 92 0 125 4
a 80 4 0 34 10
a 80 56 0 26 7
a 82 49 0 125 10
a 82 75 0 24 3
a 83 7 0 125 7
a 83 4 0 4 3
a 83 40 0 15 2
a 84 20 0 125 9
a 84 75 0 47 5
a 85 82 0 125 10
a 85 59 0 35 1
a 87 98 0 125 10
a 87 91 0 32 10
a 87 49 0 5 9
a 88 62 0 125 8
a 88 48 0 38 8
a 89 87 0 125 7
a 89 58 0 15 8
a 90 83 0 125 4
a 90 40 0 30 7
a 92 5 0 125 7
a 92 86 0 17 7
a 93 55 0 125 1
a 93 47 0 23 8
a 94 93 0 125 9
a 94 38 0 40 9
a 94 96 0 24 1
a 94 100 0 22 1
a 98 33 0 125 6
a 98 43 0 47 6
a 98 9 0 32 8
a 2 69 0 125 1
a 2 81 0 35 9
a 2 67 0 4 1
a 9 56 0 125 9
a 9 61 0 39 2
a 11 36 0 125 3
a 11 66 0 9 2
a 11 39 0 49 10
a 12 9 0 125 6
a 12 23 0 32 5
a 12 59 0 20 2
a 13 19 0 125 3
a 13 59 0 31 5
a 14 16 0 125 2
a 14 83 0 21 2
a 14 3 0 47 2
a 15 65 0 125 1
a 15 7 0 12 1
a 15 72 0 24 2
a 16 51 0 125 6
a 16 67 0 40 9
a 18 59 0 125 5
a 18 13 0 34 4
a 19 91 0 125 2
a 19 24 0 45 10
a 21 96 0 125 6
a 21 38 0 11 4
a 21 74 0 48 1
a 25 43 0 125 3
a 25 78 0 40 7
a 26 15 0 125 2
a 26 43 0 19 5
a 26 89 0 20 5
a 27 39 0 125 8
a 27 3 0 15 8
a 29 35 0 125 7
a 29 43 0 18 10
a 35 27 0 125 3
a 35 68 0 16 9
a 36 79 0 125 8
a 36 25 0 40 4
a 36 85 0 22 8
a 37 14 0 125 10
a 37 90 0 29 3
a 39 25 0 125 9
a 39 72 0 18 10
a 39 71 0 47 1
a 41 60 0 125 1
a 41 53 0 47 5
a 41 55 0 25 5
a 43 21 0 125 3
a 43 74 0 16 5
a 43 65 0 49 1
a 44 74 0 125 10
a 44 33 0 25 5
a 44 56 0 44 9
a 46 53 0 125 10
a 46 100 0 35 10
a 50 26 0 125 1
a 50 79 0 26 1
a 51 95 0 125 4
a 51 64 0 41 7
a 53 63 0 125 8
a 53 99 0 125 1
a 53 34 0 49 9
a 54 18 0 125 9
a 54 97 0 44 2
a 56 41 0 125 8
a 56 78 0 38 2
a 56 21 0 22 6
a 57 50 0 125 4
a 57 92 0 46 1
a 57 47 0 26 3
a 59 67 0 125 1
a 59 22 0 38 8
a 59 57 0 2 3
a 60 77 0 125 2
a 60 48 0 7 10
a 60 85 0 43 9
a 63 100 0 125 9
a 63 82 0 45 6
a 63 99 0 20 3
a 64 86 0 125 9
a 64 97 0 16 7
a 65 54 0 125 9
a 65 44 0 11 9
a 65 58 0 16 1
a 67 81 0 125 6
a 67 42 0 44 5
a 67 84 0 48 10
a 69 13 0 125 4
a 69 61 0 47 4
a 69 57 0 32 4
a 70 11 0 125 7
a 70 20 0 17 7
a 72 12 0 125 9
a 72 92 0 48 4
a 74 29 0 125 9
a 74 80 0 31 6
a 74 57 0 49 6
a 76 72 0 125 2
a 76 66 0 18 5
a 76 84 0 47 4
a 77 64 0 125 9
a 77 20 0 1 10
a 79 37 0 125 8
a 79 78 0 8 4
a 81 44 0 125 10
a 81 85 0 9 4
a 86 97 0 125 9
a 86 50 0 26 6
a 91 70 0 125 7
a 91 41 0 23 6
a 95 57 0 125 5
a 95 59 0 23 9
a 96 76 0 125 4
a 96 47 0 45 4
a 97 46 0 125 10
a 97 86 0 18 3
