c PyNETGEN v1.0.0
c $ pip install pynetgen
c
c  NETGEN flow network generation algorithm
c  Problem input parameters
c  -------------------------------------
c   Random seed:          20
c   Number of nodes:      100
c   Source nodes:         2
c   Sink nodes:           2
c   Number of arcs:       251
c   Minimum arc cost:     1
c   Maximum arc cost:     10
c   Total supply:         250
c   Transshipment -
c     Sources:            0
c     Sinks:              0
c   Skeleton arcs -
c     With max cost:      0
c     Capacitated:        100
c   Minimum arc capacity: 1
c   Maximum arc capacity: 50
c
c  *** Minimum cost flow ***
c
p min 100 251
n 1 125
n 2 125
n 99 -81
n 100 -169
a 1 39 0 125 8
a 1 50 0 49 7
a 1 66 0 37 9
a 4 100 0 125 2
a 4 28 0 25 7
a 6 30 0 125 7
a 6 66 0 34 2
a 6 65 0 6 8
a 7 74 0 125 9
a 7 61 0 10 5
a 14 83 0 125 8
a 14 60 0 46 8
a 17 32 0 125 5
a 17 34 0 18 8
a 17 42 0 1 1
a 17 93 0 44 2
a 18 94 0 125 2
a 18 84 0 13 1
a 18 70 0 28 4
a 19 27 0 125 10
a 19 56 0 42 2
a 19 61 0 28 8
a 19 93 0 29 1
a 21 69 0 125 8
a 21 39 0 28 10
a 21 30 0 31 1
a 21 74 0 39 5
a 22 19 0 125 3
a 22 79 0 34 4
a 22 75 0 43 3
a 23 60 0 125 8
a 23 43 0 20 6
a 25 50 0 125 5
a 25 39 0 40 8
a 25 20 0 17 2
a 26 47 0 125 9
a 26 76 0 3 7
a 26 15 0 40 6
a 26 63 0 40 7
a 27 75 0 125 3
a 27 16 0 46 1
a 28 68 0 125 9
a 28 42 0 38 2
a 30 26 0 125 3
a 30 71 0 29 4
a 32 56 0 125 6
a 32 14 0 38 2
a 32 50 0 22 6
a 32 58 0 31 3
a 33 53 0 125 8
a 33 5 0 41 10
a 37 25 0 125 8
a 37 20 0 11 1
a 37 74 0 6 7
a 39 61 0 125 6
a 39 35 0 50 8
a 39 26 0 20 3
a 42 92 0 125 4
a 42 26 0 6 6
a 42 22 0 28 4
a 43 97 0 125 6
a 43 72 0 34 1
a 46 81 0 125 2
a 46 47 0 20 3
a 47 37 0 125 9
a 47 82 0 1 7
a 47 39 0 33 4
a 48 65 0 125 3
a 48 20 0 48 1
a 48 17 0 26 9
a 50 93 0 125 10
a 50 73 0 41 1
a 51 48 0 125 2
a 51 64 0 50 1
a 51 86 0 38 10
a 53 46 0 125 7
a 53 88 0 32 9
a 54 4 0 125 6
a 54 16 0 13 6
a 55 28 0 125 6
a 55 30 0 27 1
a 55 35 0 34 5
a 56 66 0 125 2
a 56 17 0 1 4
a 60 7 0 125 5
a 60 11 0 38 3
a 60 90 0 46 1
a 61 73 0 125 4
a 61 77 0 33 3
a 61 95 0 13 10
a 63 18 0 125 7
a 63 41 0 25 1
a 65 82 0 125 8
a 65 99 0 125 1
a 65 56 0 8 8
a 65 31 0 13 3
a 66 91 0 125 5
a 66 20 0 27 1
a 66 100 0 7 9
a 67 63 0 125 9
a 67 14 0 26 9
a 68 21 0 125 5
a 68 84 0 28 5
a 69 33 0 125 5
a 69 8 0 23 9
a 69 50 0 32 3
a 73 67 0 125 2
a 73 16 0 36 8
a 73 70 0 10 5
a 74 55 0 125 7
a 74 70 0 7 4
a 74 67 0 31 9
a 75 43 0 125 9
a 75 11 0 1 10
a 81 51 0 125 1
a 81 11 0 34 10
a 82 42 0 125 6
a 82 96 0 23 5
a 83 22 0 125 8
a 83 36 0 11 6
a 89 14 0 125 9
a 89 95 0 5 8
a 91 54 0 125 2
a 91 37 0 37 8
a 92 6 0 125 9
a 92 27 0 15 9
a 93 89 0 125 9
a 93 40 0 31 4
a 94 23 0 125 10
a 94 53 0 50 10
a 97 17 0 125 7
a 97 96 0 24 10
a 97 64 0 26 3
a 97 70 0 45 5
a 2 64 0 125 4
a 2 9 0 20 4
a 2 8 0 10 8
a 3 76 0 125 5
a 3 38 0 21 4
a 3 34 0 31 3
a 5 3 0 125 4
a 5 29 0 16 1
a 5 78 0 10 5
a 8 15 0 125 3
a 8 30 0 6 3
a 9 78 0 125 3
a 9 88 0 35 10
a 10 35 0 125 3
a 10 94 0 50 1
a 11 40 0 125 2
a 11 48 0 27 5
a 11 63 0 47 6
a 12 70 0 125 9
a 12 59 0 19 4
a 12 99 0 13 7
a 13 52 0 125 8
a 13 20 0 40 4
a 13 82 0 42 2
a 15 44 0 125 10
a 15 25 0 2 5
a 16 59 0 125 10
a 16 69 0 1 2
a 16 19 0 14 2
a 20 77 0 125 5
a 20 23 0 2 9
a 24 86 0 125 3
a 24 53 0 32 2
a 24 47 0 35 4
a 29 99 0 125 9
a 29 26 0 22 2
a 29 32 0 42 2
a 31 12 0 125 4
a 31 62 0 13 2
a 34 58 0 125 10
a 34 35 0 6 5
a 35 49 0 125 8
a 35 74 0 45 9
a 35 19 0 24 8
a 36 8 0 125 8
a 36 19 0 40 9
a 38 41 0 125 4
a 38 84 0 37 5
a 40 57 0 125 8
a 40 65 0 19 6
a 40 34 0 8 7
a 41 36 0 125 6
a 41 48 0 49 10
a 41 14 0 30 2
a 44 31 0 125 7
a 44 17 0 31 9
a 45 87 0 125 9
a 45 15 0 28 2
a 49 20 0 125 10
a 49 64 0 46 5
a 52 10 0 125 3
a 52 32 0 32 4
a 57 71 0 125 4
a 57 23 0 26 10
a 58 95 0 125 4
a 58 40 0 25 5
a 58 36 0 14 3
a 59 98 0 125 7
a 59 92 0 20 8
a 59 8 0 40 8
a 62 34 0 125 3
a 62 89 0 50 3
a 62 55 0 11 10
a 64 24 0 125 5
a 64 33 0 47 5
a 70 29 0 125 9
a 70 58 0 25 10
a 71 13 0 125 4
a 71 97 0 40 10
a 72 79 0 125 7
a 72 60 0 32 10
a 76 88 0 125 10
a 76 4 0 21 2
a 77 5 0 125 10
a 77 4 0 46 5
a 77 29 0 22 8
a 77 33 0 50 8
a 78 38 0 125 5
a 78 11 0 26 5
a 78 72 0 8 7
a 79 96 0 125 3
a 79 54 0 18 7
a 80 62 0 125 7
a 80 37 0 41 1
a 84 85 0 125 10
a 84 66 0 49 3
a 84 54 0 17 3
a 85 72 0 125 7
a 85 79 0 23 10
a 85 89 0 10 6
a 86 16 0 125 10
a 86 69 0 9 5
a 87 90 0 125 6
a 87 89 0 30 1
a 88 80 0 125 6
a 88 62 0 16 3
a 90 84 0 125 5
a 90 68 0 46 6
a 90 15 0 32 3
a 90 83 0 47 4
a 95 45 0 125 10
a 95 26 0 1 3
a 96 9 0 125 10
a 96 31 0 39 1
a 98 11 0 125 2
a 98 100 0 125 2
a 98 32 0 12 2
