c PyNETGEN v1.0.0
c $ pip install pynetgen
c
c  NETGEN flow network generation algorithm
c  Problem input parameters
c  -------------------------------------
c   Random seed:          96
c   Number of nodes:      100
c   Source nodes:         2
c   Sink nodes:           2
c   Number of arcs:       251
c   Minimum arc cost:     1
c   Maximum arc cost:     10
c   Total supply:         250
c   Transshipment -
c     Sources:            0
c     Sinks:              0
c   Skeleton arcs -
c     With max cost:      0
c     Capacitated:        100
c   Minimum arc capacity: 1
c   Maximum arc capacity: 50
c
c  *** Minimum cost flow ***
c
p min 100 251
n 1 200
n 2 50
n 99 -143
n 100 -107
a 1 24 0 200 5
a 1 15 0 25 9
a 1 65 0 8 8
a 3 16 0 200 10
a 3 39 0 41 4
a 3 5 0 33 10
a 3 69 0 43 6
a 4 68 0 200 4
a 4 37 0 44 2
a 4 12 0 12 2
a 4 81 0 10 3
a 5 50 0 200 7
a 5 64 0 11 10
a 5 88 0 11 10
a 9 20 0 200 10
a 9 13 0 4 5
a 9 10 0 2 1
a 9 57 0 20 4
a 10 88 0 200 3
a 10 7 0 47 2
a 15 9 0 200 2
a 15 25 0 10 7
a 15 68 0 19 2
a 15 52 0 13 8
a 16 28 0 200 2
a 16 65 0 25 9
a 19 39 0 200 7
a 19 4 0 34 5
a 20 62 0 200 2
a 20 45 0 45 1
a 20 58 0 6 1
a 21 69 0 200 3
a 21 13 0 21 2
a 21 3 0 39 5
a 24 47 0 200 8
a 24 62 0 2 10
a 25 84 0 200 9
a 25 24 0 29 5
a 25 76 0 23 7
a 26 5 0 200 4
a 26 40 0 50 9
a 28 80 0 200 2
a 28 82 0 27 1
a 28 84 0 29 7
a 31 85 0 200 6
a 31 20 0 17 4
a 34 31 0 200 4
a 34 63 0 46 5
a 34 57 0 28 4
a 38 42 0 200 3
a 38 33 0 46 4
a 39 40 0 200 7
a 39 35 0 41 1
a 40 92 0 200 1
a 40 23 0 38 4
a 40 74 0 7 8
a 41 21 0 200 4
a 41 39 0 20 9
a 41 49 0 41 7
a 42 19 0 200 2
a 42 18 0 44 2
a 42 31 0 19 2
a 44 58 0 200 4
a 44 8 0 44 1
a 45 63 0 200 3
a 45 4 0 1 4
a 45 75 0 30 10
a 47 41 0 200 4
a 47 73 0 46 4
a 50 34 0 200 10
a 50 71 0 42 10
a 53 25 0 200 5
a 53 55 0 29 2
a 54 38 0 200 4
a 54 6 0 34 5
a 54 51 0 15 3
a 57 98 0 200 1
a 57 97 0 11 3
a 58 45 0 200 10
a 58 71 0 42 2
a 58 88 0 17 9
a 62 64 0 200 2
a 62 76 0 29 7
a 62 88 0 37 6
a 63 4 0 200 4
a 63 6 0 50 6
a 64 53 0 200 7
a 64 91 0 21 3
a 64 62 0 50 3
a 68 74 0 200 10
a 68 72 0 2 2
a 68 48 0 18 2
a 69 44 0 200 4
a 69 46 0 5 5
a 69 98 0 37 10
a 70 26 0 200 6
a 70 72 0 3 3
a 73 99 0 200 1
a 73 20 0 27 10
a 73 95 0 11 4
a 74 15 0 200 3
a 74 8 0 21 9
a 74 25 0 29 6
a 80 10 0 200 2
a 80 78 0 43 1
a 80 58 0 48 9
a 83 93 0 200 10
a 83 90 0 32 5
a 84 96 0 200 1
a 84 31 0 35 3
a 84 30 0 21 10
a 85 73 0 200 8
a 85 72 0 34 5
a 88 57 0 200 1
a 88 100 0 200 2
a 88 27 0 19 10
a 88 24 0 20 5
a 89 70 0 200 5
a 89 48 0 46 1
a 89 33 0 8 1
a 92 3 0 200 4
a 92 55 0 29 7
a 93 89 0 200 10
a 93 49 0 34 7
a 93 31 0 43 2
a 94 83 0 200 9
a 94 49 0 19 5
a 96 54 0 200 1
a 96 53 0 15 3
a 96 98 0 47 5
a 98 94 0 200 10
a 98 24 0 1 5
a 2 75 0 50 4
a 2 60 0 28 6
a 6 55 0 50 8
a 6 56 0 17 4
a 7 78 0 50 9
a 7 58 0 21 7
a 7 96 0 26 1
a 8 12 0 50 4
a 8 79 0 31 2
a 8 72 0 49 10
a 11 86 0 50 5
a 11 18 0 41 6
a 11 31 0 21 2
a 12 22 0 50 1
a 12 62 0 49 2
a 12 71 0 29 4
a 13 11 0 50 5
a 13 30 0 11 1
a 14 97 0 50 10
a 14 39 0 3 4
a 14 96 0 42 7
a 17 71 0 50 4
a 17 27 0 28 5
a 17 31 0 18 6
a 18 30 0 50 10
a 18 51 0 5 3
a 18 25 0 33 8
a 22 13 0 50 9
a 22 27 0 1 7
a 23 99 0 50 7
a 23 62 0 13 4
a 27 46 0 50 9
a 27 26 0 43 1
a 29 6 0 50 6
a 29 10 0 47 3
a 30 91 0 50 9
a 30 36 0 37 9
a 30 58 0 25 1
a 32 61 0 50 5
a 32 71 0 38 10
a 33 14 0 50 7
a 33 98 0 28 10
a 33 54 0 17 2
a 35 65 0 50 9
a 35 84 0 20 3
a 35 33 0 28 4
a 36 49 0 50 5
a 36 88 0 49 7
a 37 51 0 50 9
a 37 72 0 2 2
a 37 93 0 50 2
a 43 56 0 50 1
a 43 72 0 33 6
a 46 8 0 50 9
a 46 5 0 11 1
a 48 33 0 50 5
a 48 34 0 10 3
a 49 32 0 50 8
a 49 100 0 50 10
a 49 6 0 1 10
a 51 72 0 50 3
a 51 69 0 34 6
a 51 79 0 40 6
a 52 48 0 50 7
a 52 73 0 6 5
a 52 29 0 25 3
a 55 27 0 50 6
a 55 72 0 15 7
a 56 81 0 50 5
a 56 10 0 17 7
a 56 5 0 22 4
a 59 17 0 50 9
a 59 32 0 15 10
a 60 79 0 50 3
a 60 41 0 6 8
a 60 53 0 12 5
a 61 95 0 50 6
a 61 42 0 17 10
a 61 35 0 37 4
a 65 36 0 50 7
a 65 15 0 6 9
a 65 33 0 46 8
a 66 18 0 50 4
a 66 36 0 19 9
a 66 43 0 32 6
a 67 37 0 50 6
a 67 26 0 18 3
a 67 3 0 45 5
a 71 67 0 50 8
a 71 17 0 6 6
a 72 60 0 50 9
a 72 95 0 12 10
a 75 66 0 50 5
a 75 3 0 33 5
a 76 35 0 50 4
a 76 51 0 49 3
a 77 59 0 50 9
a 77 62 0 36 8
a 78 87 0 50 10
a 78 88 0 31 1
a 79 52 0 50 3
a 79 67 0 12 6
a 79 25 0 26 9
a 81 82 0 50 4
a 81 76 0 19 3
a 82 29 0 50 2
a 82 55 0 30 5
a 86 7 0 50 3
a 86 56 0 6 10
a 87 90 0 50 5
a 87 27 0 18 7
a 90 23 0 50 10
a 90 27 0 32 9
a 91 77 0 50 6
a 91 10 0 6 5
a 95 43 0 50 3
a 95 69 0 34 6
a 97 76 0 50 7
a 97 67 0 5 10
