c PyNETGEN v1.0.0
c $ pip install pynetgen
c
c  NETGEN flow network generation algorithm
c  Problem input parameters
c  -------------------------------------
c   Random seed:          94
c   Number of nodes:      100
c   Source nodes:         2
c   Sink nodes:           2
c   Number of arcs:       251
c   Minimum arc cost:     1
c   Maximum arc cost:     10
c   Total supply:         250
c   Transshipment -
c     Sources:            0
c     Sinks:              0
c   Skeleton arcs -
c     With max cost:      0
c     Capacitated:        100
c   Minimum arc capacity: 1
c   Maximum arc capacity: 50
c
c  *** Minimum cost flow ***
c
p min 100 251
n 1 125
n 2 125
n 99 -185
n 100 -65
a 1 39 0 125 8
a 1 65 0 17 10
a 1 89 0 45 10
a 6 72 0 125 1
a 6 26 0 1 6
a 6 25 0 31 6
a 9 100 0 125 5
a 9 79 0 32 5
a 13 18 0 125 7
a 13 36 0 14 6
a 15 96 0 125 9
a 15 78 0 14 6
a 18 83 0 125 10
a 18 11 0 19 2
a 18 99 0 5 7
a 20 86 0 125 5
a 20 43 0 22 6
a 21 44 0 125 2
a 21 8 0 10 3
a 21 13 0 43 7
a 21 22 0 12 10
a 22 30 0 125 7
a 22 91 0 30 1
a 25 20 0 125 10
a 25 97 0 24 5
a 26 25 0 125 7
a 26 29 0 35 4
a 26 45 0 22 1
a 26 97 0 21 2
a 27 64 0 125 7
a 27 8 0 16 8
a 27 48 0 12 7
a 27 98 0 18 9
a 30 55 0 125 1
a 30 75 0 49 2
a 30 65 0 28 9
a 31 41 0 125 2
a 31 47 0 16 7
a 32 73 0 125 7
a 32 90 0 44 8
a 34 21 0 125 4
a 34 13 0 23 3
a 34 63 0 18 7
a 34 85 0 10 2
a 36 60 0 125 10
a 36 21 0 39 5
a 36 56 0 35 9
a 37 32 0 125 3
a 37 52 0 15 9
a 37 44 0 30 9
a 39 13 0 125 7
a 39 23 0 3 5
a 40 22 0 125 7
a 40 44 0 24 3
a 41 62 0 125 4
a 41 53 0 8 9
a 41 44 0 48 5
a 43 26 0 125 9
a 43 6 0 47 1
a 43 44 0 9 4
a 43 34 0 22 3
a 44 37 0 125 3
a 44 17 0 17 7
a 45 74 0 125 10
a 45 75 0 31 3
a 49 65 0 125 1
a 49 58 0 35 2
a 49 21 0 49 8
a 52 34 0 125 1
a 52 28 0 41 9
a 55 27 0 125 7
a 55 31 0 43 7
a 55 24 0 36 9
a 55 54 0 12 9
a 56 6 0 125 10
a 56 84 0 32 8
a 56 89 0 32 5
a 60 82 0 125 2
a 60 25 0 7 4
a 60 4 0 47 5
a 62 66 0 125 5
a 62 59 0 29 7
a 62 4 0 36 9
a 63 31 0 125 7
a 63 89 0 16 4
a 63 39 0 1 9
a 64 80 0 125 4
a 64 73 0 19 8
a 64 96 0 18 8
a 65 63 0 125 2
a 65 73 0 36 10
a 65 61 0 40 6
a 66 40 0 125 7
a 66 55 0 15 3
a 66 30 0 36 5
a 70 49 0 125 10
a 70 46 0 35 10
a 72 9 0 125 8
a 72 75 0 42 9
a 72 41 0 36 5
a 73 43 0 125 3
a 73 48 0 13 7
a 73 68 0 8 1
a 74 52 0 125 7
a 74 16 0 22 8
a 74 80 0 9 5
a 77 97 0 125 4
a 77 85 0 49 7
a 77 68 0 8 4
a 78 98 0 125 7
a 78 35 0 44 7
a 79 77 0 125 2
a 79 27 0 4 4
a 80 56 0 125 5
a 80 22 0 38 5
a 82 70 0 125 8
a 82 65 0 29 4
a 83 79 0 125 3
a 83 99 0 125 8
a 83 56 0 29 7
a 83 80 0 31 2
a 86 36 0 125 8
a 86 40 0 4 8
a 93 45 0 125 1
a 93 94 0 41 3
a 93 33 0 47 8
a 96 78 0 125 5
a 96 83 0 33 1
a 97 15 0 125 8
a 97 75 0 43 8
a 97 25 0 50 7
a 98 93 0 125 4
a 98 69 0 40 8
a 98 61 0 17 6
a 2 11 0 125 8
a 2 47 0 23 2
a 2 29 0 1 9
a 3 61 0 125 10
a 3 88 0 31 5
a 4 95 0 125 6
a 4 58 0 40 9
a 4 88 0 31 3
a 5 19 0 125 10
a 5 94 0 3 9
a 7 87 0 125 7
a 7 47 0 33 9
a 8 75 0 125 5
a 8 27 0 32 6
a 10 38 0 125 6
a 10 78 0 37 7
a 11 47 0 125 8
a 11 18 0 39 3
a 11 69 0 35 10
a 12 94 0 125 4
a 12 31 0 38 7
a 12 86 0 3 3
a 14 88 0 125 2
a 14 38 0 50 10
a 14 15 0 28 5
a 16 23 0 125 3
a 16 47 0 27 6
a 17 76 0 125 2
a 17 83 0 32 7
a 19 69 0 125 7
a 19 22 0 7 10
a 19 57 0 4 5
a 23 24 0 125 3
a 23 85 0 10 2
a 23 57 0 7 1
a 24 4 0 125 7
a 24 76 0 30 2
a 28 54 0 125 6
a 28 7 0 37 9
a 28 59 0 41 8
a 29 68 0 125 5
a 29 60 0 36 1
a 33 10 0 125 10
a 33 88 0 6 10
a 35 5 0 125 3
a 35 89 0 21 4
a 38 17 0 125 6
a 38 34 0 39 3
a 42 8 0 125 6
a 42 56 0 26 7
a 42 62 0 2 9
a 46 7 0 125 6
a 46 11 0 40 4
a 46 60 0 35 1
a 47 81 0 125 1
a 47 35 0 5 9
a 48 29 0 125 9
a 48 47 0 30 2
a 48 61 0 31 8
a 50 33 0 125 8
a 50 34 0 4 4
a 50 27 0 38 7
a 51 14 0 125 8
a 51 45 0 34 6
a 53 92 0 125 8
a 53 89 0 29 9
a 54 42 0 125 5
a 54 78 0 32 9
a 57 48 0 125 10
a 57 49 0 1 5
a 58 57 0 125 10
a 58 73 0 49 9
a 58 96 0 7 7
a 59 85 0 125 6
a 59 33 0 2 4
a 61 67 0 125 8
a 61 39 0 26 1
a 61 14 0 41 6
a 67 71 0 125 1
a 67 99 0 45 3
a 67 63 0 20 5
a 68 28 0 125 4
a 68 17 0 24 2
a 68 59 0 11 3
a 69 3 0 125 5
a 69 38 0 7 6
a 69 96 0 15 4
a 71 53 0 125 9
a 71 94 0 28 8
a 75 50 0 125 9
a 75 33 0 37 1
a 75 21 0 3 5
a 76 89 0 125 7
a 76 38 0 4 8
a 76 53 0 1 1
a 81 91 0 125 5
a 81 10 0 47 1
a 84 90 0 125 8
a 84 74 0 48 3
a 85 35 0 125 3
a 85 34 0 4 9
a 87 100 0 125 5
a 87 99 0 125 7
a 88 16 0 125 3
a 88 41 0 3 6
a 89 12 0 125 4
a 89 76 0 45 4
a 90 58 0 125 8
a 90 51 0 13 3
a 91 84 0 125 2
a 91 92 0 2 6
a 92 46 0 125 5
a 92 69 0 7 3
a 94 51 0 125 8
a 94 10 0 30 2
a 95 59 0 125 3
a 95 43 0 11 1
