c PyNETGEN v1.0.0
c $ pip install pynetgen
c
c  NETGEN flow network generation algorithm
c  Problem input parameters
c  -------------------------------------
c   Random seed:          66
c   Number of nodes:      100
c   Source nodes:         2
c   Sink nodes:           2
c   Number of arcs:       251
c   Minimum arc cost:     1
c   Maximum arc cost:     10
c   Total supply:         250
c   Transshipment -
c     Sources:            0
c     Sinks:              0
c   Skeleton arcs -
c     With max cost:      0
c     Capacitated:        100
c   Minimum arc capacity: 1
c   Maximum arc capacity: 50
c
c  *** Minimum cost flow ***
c
p min 100 251
n 1 134
n 2 116
n 99 -78
n 100 -172
a 1 97 0 134 3
a 1 25 0 28 2
a 7 48 0 134 4
a 7 42 0 34 10
a 7 82 0 5 2
a 9 38 0 134 1
a 9 16 0 17 3
a 9 33 0 22 3
a 9 84 0 12 8
a 11 47 0 134 9
a 11 18 0 48 8
a 11 16 0 48 5
a 13 41 0 134 9
a 13 74 0 34 3
a 14 19 0 134 2
a 14 3 0 13 4
a 15 20 0 134 4
a 15 25 0 21 4
a 15 30 0 11 9
a 16 44 0 134 7
a 16 8 0 24 5
a 18 75 0 134 8
a 18 81 0 49 4
a 18 38 0 21 6
a 19 91 0 134 2
a 19 47 0 5 9
a 19 20 0 30 6
a 19 10 0 36 10
a 20 7 0 134 3
a 20 8 0 7 3
a 20 48 0 9 7
a 25 57 0 134 10
a 25 6 0 32 5
a 27 65 0 134 1
a 27 36 0 46 9
a 27 71 0 7 5
a 27 72 0 48 1
a 28 51 0 134 6
a 28 92 0 13 10
a 28 79 0 13 4
a 28 86 0 31 1
a 29 36 0 134 2
a 29 6 0 45 3
a 33 49 0 134 3
a 33 93 0 39 7
a 36 95 0 134 6
a 36 87 0 22 6
a 38 70 0 134 3
a 38 31 0 30 1
a 38 84 0 41 3
a 38 30 0 11 4
a 39 69 0 134 10
a 39 75 0 20 3
a 39 76 0 27 5
a 40 14 0 134 4
a 40 91 0 4 9
a 41 29 0 134 9
a 41 79 0 49 10
a 44 83 0 134 7
a 44 10 0 27 4
a 44 75 0 32 6
a 47 15 0 134 5
a 47 97 0 38 7
a 48 92 0 134 4
a 48 83 0 38 3
a 49 99 0 134 1
a 49 96 0 29 4
a 51 78 0 134 8
a 51 80 0 27 9
a 51 44 0 23 2
a 51 62 0 49 10
a 54 25 0 134 4
a 54 63 0 43 7
a 57 58 0 134 1
a 57 87 0 27 7
a 57 34 0 11 1
a 58 90 0 134 8
a 58 35 0 47 7
a 58 66 0 9 1
a 61 39 0 134 8
a 61 38 0 28 1
a 61 26 0 8 9
a 62 98 0 134 3
a 62 25 0 34 10
a 62 7 0 40 5
a 65 62 0 134 5
a 65 31 0 28 9
a 65 88 0 30 6
a 66 84 0 134 9
a 66 14 0 24 1
a 66 48 0 3 5
a 67 18 0 134 7
a 67 31 0 29 2
a 67 32 0 23 9
a 69 96 0 134 5
a 69 83 0 38 8
a 69 48 0 36 9
a 70 28 0 134 3
a 70 48 0 22 7
a 72 66 0 134 8
a 72 6 0 38 3
a 75 72 0 134 4
a 75 100 0 134 1
a 75 96 0 10 10
a 78 67 0 134 1
a 78 23 0 46 7
a 83 40 0 134 4
a 83 76 0 39 7
a 83 37 0 16 5
a 84 16 0 134 5
a 84 74 0 34 5
a 90 33 0 134 10
a 90 26 0 16 9
a 91 13 0 134 7
a 91 44 0 27 8
a 92 54 0 134 10
a 92 84 0 26 9
a 95 11 0 134 4
a 95 70 0 29 2
a 96 27 0 134 5
a 96 49 0 24 8
a 96 89 0 23 10
a 97 61 0 134 2
a 97 60 0 27 5
a 98 9 0 134 8
a 98 39 0 35 7
a 98 85 0 29 6
a 2 81 0 116 9
a 2 17 0 18 3
a 3 56 0 116 7
a 3 70 0 15 6
a 3 89 0 46 10
a 4 71 0 116 9
a 4 19 0 33 1
a 5 42 0 116 4
a 5 78 0 37 5
a 6 53 0 116 9
a 6 39 0 12 2
a 8 12 0 116 3
a 8 5 0 11 9
a 8 22 0 13 8
a 10 30 0 116 7
a 10 20 0 25 3
a 10 57 0 45 8
a 12 59 0 116 7
a 12 78 0 20 8
a 17 37 0 116 5
a 17 15 0 48 2
a 21 73 0 116 5
a 21 14 0 13 7
a 22 50 0 116 1
a 22 5 0 34 5
a 23 76 0 116 9
a 23 26 0 14 2
a 23 93 0 10 6
a 23 43 0 43 3
a 24 8 0 116 5
a 24 26 0 42 5
a 24 63 0 43 1
a 26 82 0 116 8
a 26 41 0 26 6
a 30 6 0 116 9
a 30 35 0 39 8
a 31 79 0 116 5
a 31 13 0 15 1
a 31 3 0 20 7
a 32 100 0 116 9
a 32 85 0 116 1
a 32 48 0 48 2
a 32 60 0 22 4
a 34 10 0 116 10
a 34 64 0 29 2
a 35 93 0 116 3
a 35 81 0 32 5
a 35 85 0 23 5
a 37 68 0 116 7
a 37 90 0 15 6
a 37 3 0 4 2
a 42 31 0 116 6
a 42 94 0 43 1
a 42 35 0 32 5
a 43 88 0 116 6
a 43 29 0 43 10
a 43 78 0 35 9
a 45 87 0 116 9
a 45 89 0 45 7
a 45 100 0 24 1
a 46 52 0 116 8
a 46 69 0 34 6
a 50 99 0 116 10
a 50 23 0 16 2
a 52 22 0 116 8
a 52 65 0 44 6
a 53 43 0 116 6
a 53 80 0 32 10
a 53 12 0 45 1
a 55 80 0 116 8
a 55 9 0 30 6
a 55 90 0 42 3
a 56 46 0 116 8
a 56 7 0 36 2
a 59 35 0 116 5
a 59 70 0 41 4
a 60 45 0 116 5
a 60 74 0 11 4
a 63 23 0 116 8
a 63 46 0 46 10
a 63 70 0 24 6
a 64 63 0 116 9
a 64 98 0 30 10
a 64 100 0 2 10
a 68 55 0 116 3
a 68 93 0 25 1
a 68 79 0 22 4
a 71 64 0 116 8
a 71 31 0 29 9
a 71 92 0 48 3
a 73 94 0 116 3
a 73 25 0 32 9
a 73 76 0 39 4
a 74 17 0 116 5
a 74 93 0 28 7
a 74 49 0 4 10
a 76 32 0 116 5
a 76 13 0 37 7
a 76 45 0 30 8
a 77 60 0 116 2
a 77 3 0 32 8
a 79 86 0 116 8
a 79 75 0 30 3
a 80 21 0 116 7
a 80 57 0 8 9
a 81 34 0 116 4
a 81 8 0 22 1
a 81 80 0 45 9
a 82 89 0 116 3
a 82 29 0 4 1
a 85 3 0 116 8
a 85 29 0 20 6
a 86 4 0 116 7
a 86 56 0 23 6
a 87 5 0 116 10
a 87 66 0 11 4
a 88 74 0 116 1
a 88 43 0 48 4
a 89 77 0 116 3
a 89 56 0 28 8
a 93 26 0 116 5
a 93 45 0 22 10
a 94 24 0 116 6
a 94 90 0 12 10
