c PyNETGEN v1.0.0
c $ pip install pynetgen
c
c  NETGEN flow network generation algorithm
c  Problem input parameters
c  -------------------------------------
c   Random seed:          2
c   Number of nodes:      100
c   Source nodes:         2
c   Sink nodes:           2
c   Number of arcs:       251
c   Minimum arc cost:     1
c   Maximum arc cost:     10
c   Total supply:         250
c   Transshipment -
c     Sources:            0
c     Sinks:              0
c   Skeleton arcs -
c     With max cost:      0
c     Capacitated:        100
c   Minimum arc capacity: 1
c   Maximum arc capacity: 50
c
c  *** Minimum cost flow ***
c
p min 100 251
n 1 125
n 2 125
n 99 -46
n 100 -204
a 1 19 0 125 5
a 1 82 0 9 10
a 1 77 0 14 6
a 3 78 0 125 7
a 3 16 0 41 9
a 3 81 0 3 2
a 5 11 0 125 9
a 5 81 0 50 5
a 5 25 0 48 2
a 5 39 0 46 4
a 6 24 0 125 9
a 6 84 0 4 9
a 7 93 0 125 9
a 7 94 0 40 6
a 7 66 0 36 10
a 7 26 0 10 8
a 8 61 0 125 8
a 8 70 0 26 1
a 8 12 0 41 3
a 8 46 0 2 6
a 10 82 0 125 8
a 10 98 0 11 2
a 11 79 0 125 7
a 11 37 0 11 6
a 13 15 0 125 6
a 13 40 0 39 7
a 13 45 0 3 9
a 13 80 0 13 2
a 14 13 0 125 9
a 14 24 0 9 1
a 15 70 0 125 8
a 15 20 0 32 5
a 15 24 0 1 1
a 15 28 0 9 8
a 16 6 0 125 7
a 16 74 0 22 9
a 17 14 0 125 5
a 17 13 0 14 6
a 18 48 0 125 4
a 18 53 0 41 1
a 18 44 0 14 10
a 19 10 0 125 7
a 19 63 0 7 2
a 19 92 0 20 3
a 22 100 0 125 7
a 22 99 0 29 7
a 22 43 0 17 1
a 24 86 0 125 1
a 24 85 0 14 6
a 27 90 0 125 1
a 27 91 0 30 2
a 27 80 0 12 7
a 28 44 0 125 2
a 28 43 0 35 10
a 28 14 0 45 2
a 31 16 0 125 10
a 31 46 0 17 2
a 33 65 0 125 2
a 33 63 0 45 4
a 33 54 0 11 7
a 40 87 0 125 10
a 40 25 0 4 2
a 40 13 0 15 9
a 44 7 0 125 2
a 44 82 0 20 1
a 44 78 0 1 3
a 45 77 0 125 3
a 45 64 0 6 9
a 46 8 0 125 3
a 46 53 0 47 6
a 46 48 0 6 3
a 48 62 0 125 10
a 48 6 0 41 1
a 49 53 0 125 10
a 49 99 0 125 1
a 49 8 0 26 4
a 49 20 0 40 7
a 51 17 0 125 5
a 51 69 0 36 1
a 53 31 0 125 5
a 53 26 0 1 3
a 57 18 0 125 5
a 57 48 0 50 1
a 57 76 0 12 1
a 60 33 0 125 2
a 60 44 0 24 7
a 60 93 0 36 4
a 61 28 0 125 9
a 61 14 0 33 3
a 61 21 0 43 6
a 62 27 0 125 4
a 62 64 0 4 6
a 63 60 0 125 10
a 63 41 0 16 8
a 65 80 0 125 4
a 65 87 0 26 7
a 69 75 0 125 6
a 69 49 0 33 4
a 69 92 0 41 6
a 70 49 0 125 5
a 70 86 0 22 8
a 70 14 0 46 6
a 71 57 0 125 1
a 71 83 0 17 3
a 75 46 0 125 7
a 75 22 0 32 7
a 75 19 0 37 7
a 77 5 0 125 8
a 77 24 0 46 1
a 78 88 0 125 1
a 78 44 0 6 5
a 78 59 0 24 4
a 79 3 0 125 5
a 79 11 0 31 7
a 79 5 0 32 2
a 80 69 0 125 9
a 80 6 0 29 4
a 80 58 0 27 7
a 81 95 0 125 6
a 81 35 0 27 2
a 82 40 0 125 1
a 82 12 0 19 2
a 84 45 0 125 4
a 84 52 0 4 9
a 86 81 0 125 10
a 86 66 0 10 2
a 86 79 0 15 9
a 87 63 0 125 9
a 87 24 0 18 8
a 87 75 0 5 8
a 88 71 0 125 1
a 88 15 0 38 3
a 88 9 0 12 2
a 90 22 0 125 8
a 90 19 0 46 8
a 90 30 0 14 9
a 93 51 0 125 8
a 93 42 0 42 3
a 95 84 0 125 6
a 95 66 0 29 9
a 2 67 0 125 2
a 2 50 0 16 8
a 2 51 0 46 9
a 4 37 0 125 6
a 4 71 0 5 4
a 4 18 0 29 3
a 9 85 0 125 2
a 9 59 0 45 9
a 9 47 0 30 3
a 12 89 0 125 2
a 12 65 0 13 1
a 20 83 0 125 5
a 20 66 0 5 5
a 20 68 0 1 5
a 21 42 0 125 1
a 21 37 0 13 1
a 23 66 0 125 9
a 23 15 0 3 4
a 25 47 0 125 6
a 25 38 0 24 10
a 26 39 0 125 5
a 26 19 0 46 4
a 26 36 0 32 5
a 29 43 0 125 10
a 29 8 0 34 9
a 30 91 0 125 10
a 30 11 0 32 1
a 30 96 0 37 3
a 32 35 0 125 8
a 32 90 0 46 10
a 32 96 0 43 9
a 34 25 0 125 3
a 34 77 0 11 1
a 35 52 0 125 8
a 35 97 0 10 7
a 35 70 0 1 3
a 36 12 0 125 8
a 36 95 0 23 2
a 37 32 0 125 10
a 37 34 0 29 1
a 37 30 0 24 9
a 38 9 0 125 4
a 38 59 0 22 4
a 39 38 0 125 6
a 39 59 0 29 8
a 39 87 0 4 5
a 41 21 0 125 9
a 41 43 0 38 4
a 41 85 0 10 5
a 42 64 0 125 4
a 42 81 0 26 1
a 43 59 0 125 1
a 43 58 0 6 3
a 47 36 0 125 9
a 47 3 0 20 2
a 50 92 0 125 7
a 50 72 0 48 2
a 52 73 0 125 7
a 52 19 0 30 9
a 54 68 0 125 6
a 54 17 0 2 10
a 55 50 0 125 3
a 55 90 0 22 8
a 55 52 0 19 6
a 56 4 0 125 8
a 56 80 0 50 6
a 56 58 0 2 4
a 58 20 0 125 7
a 58 99 0 125 8
a 58 32 0 34 3
a 59 34 0 125 8
a 59 100 0 46 10
a 59 71 0 4 9
a 64 23 0 125 2
a 64 20 0 5 2
a 64 57 0 17 6
a 66 54 0 125 6
a 66 89 0 1 6
a 67 26 0 125 2
a 67 85 0 41 6
a 68 74 0 125 7
a 68 59 0 4 5
a 68 31 0 21 7
a 72 30 0 125 10
a 72 38 0 50 9
a 73 29 0 125 1
a 73 26 0 39 1
a 73 66 0 48 10
a 74 98 0 125 4
a 74 25 0 39 4
a 74 62 0 38 2
a 76 56 0 125 9
a 76 55 0 4 2
a 83 100 0 125 5
a 83 61 0 45 6
a 85 97 0 125 10
a 85 99 0 40 2
a 89 58 0 125 3
a 89 59 0 32 10
a 91 76 0 125 5
a 91 41 0 3 8
a 92 72 0 125 3
a 92 17 0 33 7
a 94 55 0 125 4
a 94 38 0 44 9
a 96 94 0 125 2
a 96 8 0 4 10
a 97 41 0 125 5
a 97 44 0 50 9
a 98 96 0 125 2
a 98 35 0 25 1
