c PyNETGEN v1.0.0
c $ pip install pynetgen
c
c  NETGEN flow network generation algorithm
c  Problem input parameters
c  -------------------------------------
c   Random seed:          15
c   Number of nodes:      100
c   Source nodes:         2
c   Sink nodes:           2
c   Number of arcs:       251
c   Minimum arc cost:     1
c   Maximum arc cost:     10
c   Total supply:         250
c   Transshipment -
c     Sources:            0
c     Sinks:              0
c   Skeleton arcs -
c     With max cost:      0
c     Capacitated:        100
c   Minimum arc capacity: 1
c   Maximum arc capacity: 50
c
c  *** Minimum cost flow ***
c
p min 100 251
n 1 146
n 2 104
n 99 -131
n 100 -119
a 1 30 0 146 9
a 1 78 0 23 3
a 1 26 0 3 7
a 3 84 0 146 1
a 3 95 0 19 7
a 4 95 0 146 4
a 4 66 0 14 6
a 4 100 0 29 4
a 4 89 0 17 5
a 5 51 0 146 1
a 5 40 0 32 2
a 5 42 0 9 9
a 5 48 0 4 7
a 6 47 0 146 3
a 6 3 0 40 7
a 6 38 0 20 5
a 11 62 0 146 10
a 11 65 0 49 6
a 11 53 0 44 1
a 11 100 0 41 6
a 13 69 0 146 7
a 13 14 0 44 8
a 13 7 0 8 7
a 13 96 0 47 7
a 15 91 0 146 3
a 15 76 0 11 1
a 17 98 0 146 8
a 17 75 0 25 7
a 17 85 0 39 4
a 18 50 0 146 10
a 18 85 0 48 8
a 18 75 0 41 8
a 20 82 0 146 9
a 20 13 0 17 8
a 22 85 0 146 7
a 22 92 0 22 2
a 23 17 0 146 5
a 23 83 0 6 4
a 24 96 0 146 1
a 24 76 0 10 8
a 24 13 0 9 7
a 27 88 0 146 3
a 27 90 0 42 7
a 29 4 0 146 9
a 29 63 0 8 10
a 29 51 0 45 1
a 30 29 0 146 2
a 30 67 0 41 5
a 30 23 0 47 1
a 33 67 0 146 9
a 33 45 0 17 8
a 34 99 0 146 3
a 34 81 0 10 7
a 36 15 0 146 8
a 36 66 0 15 8
a 41 92 0 146 6
a 41 76 0 27 6
a 42 3 0 146 5
a 42 54 0 18 4
a 42 92 0 22 9
a 43 11 0 146 9
a 43 80 0 25 2
a 43 78 0 46 10
a 46 57 0 146 3
a 46 37 0 32 6
a 46 23 0 1 9
a 47 34 0 146 10
a 47 39 0 21 3
a 47 81 0 9 7
a 50 90 0 146 3
a 50 91 0 46 8
a 50 8 0 45 1
a 51 81 0 146 6
a 51 80 0 1 10
a 56 33 0 146 3
a 56 31 0 28 4
a 56 65 0 11 2
a 57 60 0 146 5
a 57 86 0 10 4
a 60 56 0 146 5
a 60 88 0 19 10
a 62 71 0 146 10
a 62 47 0 16 2
a 63 24 0 146 6
a 63 79 0 33 10
a 64 5 0 146 2
a 64 54 0 34 6
a 64 59 0 45 3
a 66 13 0 146 5
a 66 61 0 49 2
a 67 66 0 146 4
a 67 97 0 5 6
a 67 17 0 27 6
a 69 22 0 146 4
a 69 28 0 32 8
a 70 46 0 146 5
a 70 28 0 8 5
a 70 84 0 47 2
a 71 72 0 146 2
a 71 48 0 21 5
a 72 41 0 146 2
a 72 100 0 146 3
a 72 80 0 19 9
a 72 44 0 39 7
a 74 87 0 146 10
a 74 17 0 22 10
a 80 94 0 146 6
a 80 85 0 39 2
a 80 28 0 18 4
a 81 89 0 146 2
a 81 61 0 18 6
a 82 23 0 146 2
a 82 15 0 18 2
a 82 42 0 26 2
a 84 74 0 146 2
a 84 57 0 39 1
a 85 63 0 146 5
a 85 7 0 30 4
a 87 6 0 146 8
a 87 52 0 21 9
a 87 74 0 38 10
a 88 43 0 146 9
a 88 22 0 15 8
a 89 42 0 146 3
a 89 17 0 7 5
a 90 36 0 146 8
a 90 89 0 21 4
a 91 20 0 146 1
a 91 22 0 11 4
a 91 50 0 12 6
a 92 70 0 146 2
a 92 98 0 30 7
a 92 48 0 19 6
a 92 84 0 45 5
a 94 64 0 146 2
a 94 24 0 22 2
a 95 97 0 146 5
a 95 23 0 41 9
a 95 78 0 21 2
a 96 80 0 146 9
a 96 93 0 16 6
a 96 74 0 36 10
a 97 18 0 146 10
a 97 70 0 49 2
a 97 9 0 46 4
a 98 27 0 146 6
a 98 39 0 18 1
a 98 14 0 45 4
a 2 49 0 104 3
a 2 10 0 47 8
a 2 31 0 19 4
a 7 78 0 104 4
a 7 5 0 21 3
a 7 43 0 13 6
a 8 28 0 104 10
a 8 99 0 12 6
a 9 7 0 104 7
a 9 33 0 31 5
a 10 59 0 104 3
a 10 68 0 40 10
a 10 80 0 12 10
a 12 19 0 104 7
a 12 18 0 10 6
a 12 62 0 38 4
a 14 9 0 104 5
a 14 57 0 1 10
a 14 43 0 50 6
a 16 25 0 104 9
a 16 88 0 42 5
a 19 48 0 104 5
a 19 24 0 31 1
a 19 51 0 19 7
a 21 8 0 104 10
a 21 99 0 11 10
a 21 40 0 4 4
a 25 10 0 104 2
a 25 97 0 45 8
a 26 39 0 104 9
a 26 9 0 13 2
a 28 44 0 104 7
a 28 13 0 25 4
a 31 53 0 104 3
a 31 60 0 3 6
a 31 89 0 27 9
a 32 86 0 104 2
a 32 70 0 34 1
a 35 32 0 104 6
a 35 36 0 36 7
a 37 40 0 104 8
a 37 5 0 22 1
a 38 35 0 104 2
a 38 86 0 19 6
a 38 87 0 43 1
a 39 54 0 104 8
a 39 73 0 1 7
a 40 12 0 104 6
a 40 52 0 30 7
a 40 32 0 33 2
a 44 93 0 104 10
a 44 79 0 33 4
a 45 38 0 104 10
a 45 77 0 44 3
a 45 24 0 13 8
a 48 21 0 104 7
a 48 79 0 36 5
a 48 71 0 23 6
a 49 68 0 104 5
a 49 32 0 39 10
a 52 79 0 104 9
a 52 58 0 28 2
a 52 59 0 5 3
a 53 65 0 104 10
a 53 24 0 42 7
a 53 61 0 28 7
a 54 14 0 104 5
a 54 94 0 46 3
a 55 45 0 104 1
a 55 24 0 18 5
a 55 29 0 48 9
a 58 52 0 104 10
a 58 69 0 1 2
a 58 27 0 49 1
a 59 61 0 104 8
a 59 51 0 7 9
a 59 56 0 20 1
a 61 31 0 104 3
a 61 19 0 29 2
a 65 83 0 104 7
a 65 91 0 46 8
a 68 100 0 104 7
a 68 26 0 104 1
a 68 53 0 36 4
a 68 13 0 9 1
a 73 99 0 104 6
a 73 26 0 40 6
a 75 37 0 104 10
a 75 43 0 32 4
a 76 58 0 104 5
a 76 65 0 28 4
a 77 55 0 104 9
a 77 51 0 16 10
a 78 77 0 104 2
a 78 15 0 3 1
a 79 16 0 104 4
a 79 10 0 15 2
a 83 75 0 104 1
a 83 77 0 15 8
a 86 76 0 104 10
a 86 15 0 29 6
a 93 73 0 104 5
a 93 40 0 46 1
