c PyNETGEN v1.0.0
c $ pip install pynetgen
c
c  NETGEN flow network generation algorithm
c  Problem input parameters
c  -------------------------------------
c   Random seed:          98
c   Number of nodes:      100
c   Source nodes:         2
c   Sink nodes:           2
c   Number of arcs:       251
c   Minimum arc cost:     1
c   Maximum arc cost:     10
c   Total supply:         250
c   Transshipment -
c     Sources:            0
c     Sinks:              0
c   Skeleton arcs -
c     With max cost:      0
c     Capacitated:        100
c   Minimum arc capacity: 1
c   Maximum arc capacity: 50
c
c  *** Minimum cost flow ***
c
p min 100 251
n 1 223
n 2 27
n 99 -135
n 100 -115
a 1 40 0 223 2
a 1 94 0 36 8
a 1 42 0 21 3
a 3 12 0 223 9
a 3 51 0 34 2
a 6 19 0 223 5
a 6 52 0 31 6
a 6 73 0 33 9
a 9 60 0 223 4
a 9 66 0 7 8
a 9 97 0 1 2
a 9 12 0 23 8
a 10 32 0 223 2
a 10 64 0 3 8
a 10 29 0 25 5
a 12 70 0 223 3
a 12 49 0 32 9
a 12 99 0 45 4
a 13 66 0 223 6
a 13 6 0 48 7
a 16 81 0 223 9
a 16 21 0 23 1
a 16 79 0 5 3
a 18 59 0 223 6
a 18 78 0 40 10
a 18 91 0 13 5
a 18 25 0 42 3
a 19 76 0 223 9
a 19 96 0 10 5
a 19 23 0 3 1
a 19 74 0 46 7
a 20 30 0 223 4
a 20 97 0 24 2
a 20 75 0 47 5
a 21 33 0 223 4
a 21 35 0 26 8
a 21 48 0 23 4
a 22 84 0 223 5
a 22 17 0 36 5
a 22 86 0 27 4
a 23 13 0 223 3
a 23 69 0 41 3
a 23 11 0 36 5
a 24 20 0 223 1
a 24 66 0 25 8
a 25 69 0 223 8
a 25 68 0 23 5
a 28 23 0 223 9
a 28 20 0 41 2
a 30 31 0 223 6
a 30 90 0 25 5
a 31 22 0 223 1
a 31 96 0 2 4
a 32 91 0 223 5
a 32 79 0 35 8
a 32 15 0 9 7
a 33 18 0 223 10
a 33 38 0 24 6
a 33 35 0 38 10
a 40 55 0 223 5
a 40 10 0 13 4
a 40 56 0 22 3
a 42 25 0 223 1
a 42 35 0 45 6
a 42 36 0 22 9
a 48 80 0 223 1
a 48 49 0 22 8
a 49 72 0 223 9
a 49 47 0 41 9
a 49 66 0 39 2
a 51 24 0 223 7
a 51 52 0 24 3
a 53 6 0 223 9
a 53 85 0 23 3
a 53 68 0 38 5
a 55 67 0 223 8
a 55 13 0 47 7
a 57 53 0 223 7
a 57 74 0 50 3
a 57 44 0 34 2
a 58 65 0 223 2
a 58 43 0 45 9
a 58 37 0 19 2
a 59 16 0 223 7
a 59 79 0 42 1
a 59 10 0 49 6
a 60 10 0 223 3
a 60 42 0 20 8
a 60 32 0 35 5
a 65 49 0 223 5
a 65 73 0 21 4
a 65 35 0 46 8
a 66 42 0 223 1
a 66 36 0 42 7
a 66 68 0 38 5
a 67 57 0 223 5
a 67 64 0 21 3
a 68 21 0 223 4
a 68 64 0 15 1
a 68 52 0 36 3
a 69 51 0 223 10
a 69 66 0 26 4
a 70 92 0 223 10
a 70 31 0 17 7
a 70 89 0 17 4
a 72 48 0 223 4
a 72 63 0 16 8
a 72 46 0 15 3
a 76 68 0 223 4
a 76 33 0 10 3
a 80 100 0 223 5
a 80 73 0 11 10
a 81 90 0 223 1
a 81 5 0 10 8
a 81 29 0 16 2
a 82 98 0 223 9
a 82 3 0 18 8
a 82 19 0 41 3
a 84 93 0 223 2
a 84 52 0 2 8
a 84 38 0 43 9
a 90 9 0 223 1
a 90 99 0 223 6
a 90 79 0 37 8
a 91 3 0 223 2
a 91 90 0 21 3
a 91 39 0 36 3
a 92 82 0 223 9
a 92 74 0 35 3
a 92 70 0 1 2
a 93 58 0 223 10
a 93 36 0 38 7
a 98 28 0 223 5
a 98 18 0 7 2
a 98 37 0 2 7
a 2 43 0 27 8
a 2 69 0 34 5
a 2 46 0 2 5
a 4 8 0 27 8
a 4 56 0 22 3
a 4 91 0 25 5
a 5 73 0 27 4
a 5 100 0 13 10
a 7 34 0 27 6
a 7 98 0 28 5
a 8 47 0 27 2
a 8 34 0 13 7
a 11 35 0 27 3
a 11 16 0 14 9
a 14 64 0 27 5
a 14 94 0 25 1
a 14 8 0 17 8
a 15 89 0 27 6
a 15 18 0 47 2
a 15 86 0 18 6
a 17 56 0 27 3
a 17 67 0 18 8
a 26 45 0 27 10
a 26 72 0 38 1
a 27 38 0 27 2
a 27 5 0 25 1
a 29 94 0 27 2
a 29 10 0 44 1
a 34 96 0 27 1
a 34 31 0 29 2
a 34 91 0 45 5
a 35 77 0 27 1
a 35 3 0 35 6
a 35 100 0 14 7
a 36 44 0 27 10
a 36 58 0 17 4
a 37 17 0 27 10
a 37 91 0 10 5
a 38 85 0 27 5
a 38 67 0 26 1
a 38 40 0 42 1
a 39 46 0 27 10
a 39 44 0 50 8
a 39 45 0 27 10
a 41 4 0 27 10
a 41 24 0 2 9
a 41 6 0 15 1
a 43 88 0 27 4
a 43 94 0 39 10
a 44 74 0 27 4
a 44 49 0 35 5
a 45 37 0 27 9
a 45 89 0 12 10
a 45 14 0 22 7
a 46 36 0 27 1
a 46 100 0 27 9
a 46 56 0 7 3
a 46 55 0 11 4
a 47 95 0 27 5
a 47 60 0 47 5
a 50 79 0 27 8
a 50 70 0 32 2
a 52 86 0 27 9
a 52 63 0 48 6
a 54 75 0 27 6
a 54 52 0 24 7
a 56 27 0 27 7
a 56 92 0 47 5
a 61 62 0 27 3
a 61 73 0 50 7
a 61 54 0 40 7
a 62 52 0 27 1
a 62 59 0 12 4
a 63 41 0 27 6
a 63 13 0 3 5
a 63 12 0 17 2
a 64 26 0 27 5
a 64 65 0 9 10
a 71 99 0 27 10
a 71 5 0 11 8
a 71 50 0 35 7
a 73 50 0 27 7
a 73 91 0 9 1
a 73 52 0 19 4
a 74 87 0 27 5
a 74 50 0 24 6
a 74 77 0 12 3
a 75 29 0 27 2
a 75 70 0 24 1
a 77 63 0 27 7
a 77 3 0 23 7
a 77 100 0 2 7
a 78 54 0 27 9
a 78 82 0 15 4
a 79 14 0 27 7
a 79 31 0 30 2
a 83 7 0 27 9
a 83 74 0 29 3
a 85 83 0 27 9
a 85 57 0 20 4
a 86 5 0 27 3
a 86 44 0 8 4
a 87 71 0 27 4
a 87 13 0 14 4
a 88 15 0 27 10
a 88 95 0 8 10
a 89 97 0 27 10
a 89 10 0 50 6
a 94 39 0 27 3
a 94 62 0 25 10
a 95 78 0 27 7
a 95 81 0 12 7
a 96 11 0 27 10
a 96 13 0 33 7
a 97 61 0 27 1
a 97 69 0 32 3
