c PyNETGEN v1.0.0
c $ pip install pynetgen
c
c  NETGEN flow network generation algorithm
c  Problem input parameters
c  -------------------------------------
c   Random seed:          97
c   Number of nodes:      100
c   Source nodes:         2
c   Sink nodes:           2
c   Number of arcs:       251
c   Minimum arc cost:     1
c   Maximum arc cost:     10
c   Total supply:         250
c   Transshipment -
c     Sources:            0
c     Sinks:              0
c   Skeleton arcs -
c     With max cost:      0
c     Capacitated:        100
c   Minimum arc capacity: 1
c   Maximum arc capacity: 50
c
c  *** Minimum cost flow ***
c
p min 100 251
n 1 54
n 2 196
n 99 -142
n 100 -108
a 1 32 0 54 10
a 1 55 0 29 5
a 1 53 0 16 4
a 4 98 0 54 3
a 4 44 0 14 8
a 4 90 0 9 4
a 6 19 0 54 7
a 6 67 0 7 2
a 6 54 0 19 4
a 6 23 0 8 10
a 7 57 0 54 4
a 7 86 0 45 1
a 7 70 0 40 2
a 8 73 0 54 2
a 8 66 0 34 9
a 9 65 0 54 7
a 9 63 0 17 5
a 10 25 0 54 1
a 10 16 0 48 1
a 10 57 0 21 6
a 10 74 0 34 9
a 12 20 0 54 5
a 12 40 0 12 1
a 12 91 0 21 7
a 13 66 0 54 1
a 13 18 0 19 7
a 13 87 0 38 4
a 13 71 0 15 2
a 14 93 0 54 1
a 14 39 0 49 1
a 14 29 0 26 9
a 17 80 0 54 10
a 17 6 0 21 2
a 19 63 0 54 3
a 19 68 0 46 10
a 20 95 0 54 4
a 20 92 0 26 7
a 20 78 0 37 4
a 22 86 0 54 3
a 22 65 0 7 6
a 22 6 0 5 5
a 23 12 0 54 10
a 23 14 0 8 8
a 25 96 0 54 5
a 25 24 0 42 1
a 25 27 0 9 7
a 27 87 0 54 5
a 27 4 0 11 2
a 27 45 0 33 3
a 29 79 0 54 3
a 29 46 0 12 1
a 29 3 0 24 9
a 31 10 0 54 10
a 31 6 0 28 8
a 31 8 0 35 6
a 32 37 0 54 3
a 32 88 0 22 8
a 32 51 0 47 1
a 36 60 0 54 1
a 36 67 0 5 3
a 36 91 0 27 3
a 37 6 0 54 9
a 37 5 0 16 9
a 41 56 0 54 3
a 41 29 0 39 9
a 41 43 0 1 8
a 45 8 0 54 6
a 45 40 0 33 3
a 46 29 0 54 5
a 46 88 0 38 8
a 46 9 0 46 4
a 50 4 0 54 3
a 50 89 0 49 7
a 52 27 0 54 2
a 52 47 0 11 10
a 52 67 0 5 9
a 53 74 0 54 4
a 53 49 0 14 8
a 54 58 0 54 10
a 54 37 0 13 2
a 54 97 0 11 9
a 56 89 0 54 10
a 56 48 0 49 1
a 56 97 0 42 5
a 57 45 0 54 3
a 57 46 0 1 1
a 58 7 0 54 10
a 58 67 0 19 7
a 60 23 0 54 1
a 60 84 0 34 1
a 60 82 0 13 8
a 61 14 0 54 2
a 61 23 0 14 5
a 63 22 0 54 7
a 63 60 0 14 1
a 65 46 0 54 9
a 65 52 0 37 8
a 66 61 0 54 9
a 66 26 0 21 9
a 67 41 0 54 10
a 67 94 0 43 5
a 67 93 0 47 8
a 73 17 0 54 3
a 73 38 0 3 3
a 74 91 0 54 10
a 74 34 0 16 6
a 76 84 0 54 8
a 76 11 0 22 9
a 76 8 0 19 6
a 77 97 0 54 9
a 77 59 0 8 5
a 77 89 0 46 5
a 79 54 0 54 1
a 79 38 0 14 6
a 80 85 0 54 4
a 80 93 0 28 6
a 84 9 0 54 8
a 84 4 0 48 2
a 84 5 0 23 2
a 85 67 0 54 3
a 85 29 0 31 5
a 86 99 0 54 4
a 86 13 0 54 8
a 86 12 0 12 9
a 86 8 0 44 3
a 87 77 0 54 5
a 87 80 0 29 9
a 89 36 0 54 5
a 89 49 0 50 8
a 91 52 0 54 4
a 91 16 0 45 7
a 93 50 0 54 8
a 93 21 0 33 1
a 95 53 0 54 7
a 95 85 0 28 7
a 95 9 0 11 10
a 96 100 0 54 10
a 96 89 0 11 5
a 96 23 0 25 5
a 97 31 0 54 5
a 97 99 0 47 7
a 97 22 0 3 10
a 98 76 0 54 3
a 98 86 0 30 2
a 2 59 0 196 1
a 2 41 0 50 8
a 3 90 0 196 6
a 3 46 0 1 8
a 5 21 0 196 1
a 5 54 0 48 1
a 5 31 0 41 6
a 11 94 0 196 5
a 11 92 0 19 9
a 15 33 0 196 7
a 15 7 0 48 7
a 16 99 0 196 4
a 16 83 0 196 2
a 16 98 0 36 6
a 16 95 0 25 7
a 18 48 0 196 4
a 18 4 0 4 8
a 18 43 0 23 8
a 21 15 0 196 3
a 21 80 0 12 5
a 21 84 0 12 1
a 24 72 0 196 8
a 24 78 0 7 4
a 24 15 0 46 7
a 26 40 0 196 5
a 26 30 0 50 6
a 26 67 0 22 6
a 28 75 0 196 7
a 28 53 0 18 10
a 30 70 0 196 2
a 30 54 0 18 8
a 33 28 0 196 5
a 33 76 0 4 10
a 34 35 0 196 5
a 34 91 0 30 6
a 35 24 0 196 3
a 35 82 0 50 9
a 35 14 0 42 10
a 38 34 0 196 1
a 38 43 0 44 10
a 39 16 0 196 2
a 39 5 0 43 2
a 40 69 0 196 8
a 40 45 0 5 2
a 42 49 0 196 2
a 42 87 0 5 1
a 43 26 0 196 6
a 43 17 0 29 3
a 43 41 0 2 10
a 44 81 0 196 1
a 44 85 0 42 4
a 47 11 0 196 9
a 47 23 0 19 2
a 47 22 0 32 1
a 48 64 0 196 7
a 48 13 0 44 6
a 49 82 0 196 1
a 49 7 0 47 3
a 49 37 0 11 3
a 49 72 0 1 3
a 51 44 0 196 4
a 51 10 0 10 4
a 55 30 0 196 2
a 55 64 0 37 3
a 55 58 0 16 3
a 59 78 0 196 10
a 59 10 0 2 8
a 59 43 0 11 3
a 62 39 0 196 9
a 62 12 0 43 1
a 64 5 0 196 1
a 64 44 0 2 3
a 64 10 0 3 2
a 68 38 0 196 6
a 68 34 0 20 5
a 69 42 0 196 5
a 69 92 0 6 8
a 69 85 0 9 1
a 70 88 0 196 4
a 70 33 0 43 2
a 70 67 0 6 2
a 71 43 0 196 3
a 71 28 0 33 2
a 71 3 0 24 6
a 72 51 0 196 2
a 72 74 0 5 1
a 72 15 0 35 5
a 75 100 0 196 10
a 75 47 0 1 6
a 78 47 0 196 7
a 78 28 0 48 3
a 78 64 0 50 4
a 81 3 0 196 2
a 81 32 0 13 6
a 82 68 0 196 2
a 82 96 0 38 8
a 83 71 0 196 7
a 83 64 0 31 4
a 88 18 0 196 4
a 88 28 0 3 9
a 88 29 0 30 1
a 90 55 0 196 10
a 90 45 0 34 6
a 92 62 0 196 5
a 92 89 0 10 3
a 94 92 0 196 9
a 94 4 0 20 8
