c PyNETGEN v1.0.0
c $ pip install pynetgen
c
c  NETGEN flow network generation algorithm
c  Problem input parameters
c  -------------------------------------
c   Random seed:          56
c   Number of nodes:      100
c   Source nodes:         2
c   Sink nodes:           2
c   Number of arcs:       251
c   Minimum arc cost:     1
c   Maximum arc cost:     10
c   Total supply:         250
c   Transshipment -
c     Sources:            0
c     Sinks:              0
c   Skeleton arcs -
c     With max cost:      0
c     Capacitated:        100
c   Minimum arc capacity: 1
c   Maximum arc capacity: 50
c
c  *** Minimum cost flow ***
c
p min 100 251
n 1 68
n 2 182
n 99 -47
n 100 -203
a 1 79 0 68 8
a 1 50 0 26 4
a 4 55 0 68 3
a 4 58 0 42 4
a 4 25 0 40 6
a 5 54 0 68 8
a 5 49 0 24 1
a 5 98 0 18 8
a 5 7 0 18 1
a 6 50 0 68 1
a 6 59 0 43 3
a 9 40 0 68 7
a 9 74 0 47 1
a 18 64 0 68 4
a 18 84 0 37 3
a 18 95 0 15 10
a 18 20 0 17 7
a 25 58 0 68 10
a 25 29 0 46 6
a 25 90 0 6 1
a 25 94 0 27 8
a 29 69 0 68 6
a 29 23 0 10 9
a 29 15 0 9 2
a 29 85 0 22 3
a 32 92 0 68 5
a 32 14 0 8 4
a 32 77 0 20 3
a 37 6 0 68 10
a 37 5 0 8 4
a 40 81 0 68 2
a 40 90 0 49 8
a 40 30 0 20 6
a 43 72 0 68 5
a 43 49 0 10 7
a 43 93 0 43 9
a 44 25 0 68 2
a 44 7 0 45 9
a 44 88 0 42 2
a 48 32 0 68 7
a 48 76 0 7 6
a 48 18 0 23 4
a 50 48 0 68 10
a 50 24 0 22 8
a 51 4 0 68 10
a 51 41 0 27 9
a 52 85 0 68 7
a 52 100 0 1 5
a 52 34 0 15 7
a 54 100 0 68 6
a 54 29 0 13 6
a 55 65 0 68 10
a 55 32 0 15 8
a 57 37 0 68 8
a 57 42 0 25 7
a 58 43 0 68 3
a 58 49 0 26 2
a 58 84 0 41 9
a 58 40 0 28 7
a 60 57 0 68 2
a 60 78 0 28 2
a 64 98 0 68 7
a 64 71 0 6 1
a 64 82 0 3 4
a 65 60 0 68 4
a 65 75 0 1 2
a 68 44 0 68 3
a 68 55 0 27 3
a 68 13 0 2 4
a 69 90 0 68 7
a 69 41 0 21 1
a 72 87 0 68 9
a 72 75 0 34 2
a 76 93 0 68 3
a 76 4 0 7 1
a 79 95 0 68 3
a 79 49 0 26 9
a 79 15 0 11 2
a 79 81 0 50 7
a 81 88 0 68 9
a 81 25 0 15 3
a 81 11 0 40 7
a 85 91 0 68 4
a 85 49 0 34 7
a 87 76 0 68 3
a 87 89 0 20 6
a 88 5 0 68 7
a 88 16 0 32 5
a 90 97 0 68 3
a 90 71 0 40 5
a 90 4 0 17 8
a 91 18 0 68 10
a 91 21 0 44 2
a 91 32 0 32 6
a 92 29 0 68 3
a 92 84 0 2 2
a 93 9 0 68 9
a 93 87 0 18 3
a 95 52 0 68 8
a 95 50 0 34 5
a 96 99 0 68 1
a 96 51 0 68 3
a 96 85 0 46 1
a 96 38 0 18 5
a 97 68 0 68 5
a 97 24 0 29 8
a 98 96 0 68 2
a 98 84 0 45 2
a 2 53 0 182 6
a 2 63 0 45 9
a 2 48 0 37 5
a 3 73 0 182 7
a 3 54 0 22 1
a 7 78 0 182 7
a 7 35 0 27 8
a 7 50 0 18 1
a 8 35 0 182 9
a 8 4 0 32 1
a 10 67 0 182 5
a 10 99 0 21 10
a 11 31 0 182 5
a 11 45 0 6 3
a 11 37 0 24 9
a 11 85 0 25 10
a 12 66 0 182 10
a 12 98 0 28 10
a 13 99 0 182 4
a 13 100 0 43 4
a 13 51 0 12 6
a 14 83 0 182 9
a 14 37 0 1 2
a 14 50 0 46 3
a 15 16 0 182 5
a 15 4 0 18 6
a 15 28 0 19 4
a 16 22 0 182 6
a 16 51 0 48 2
a 16 29 0 7 9
a 17 62 0 182 10
a 17 66 0 18 10
a 19 7 0 182 5
a 19 79 0 16 7
a 19 32 0 44 1
a 20 11 0 182 4
a 20 44 0 8 8
a 20 14 0 24 6
a 21 26 0 182 8
a 21 58 0 19 9
a 22 10 0 182 7
a 22 33 0 49 8
a 23 84 0 182 5
a 23 59 0 11 1
a 23 17 0 20 1
a 24 38 0 182 5
a 24 61 0 4 3
a 24 85 0 18 1
a 26 17 0 182 9
a 26 93 0 20 8
a 26 8 0 15 2
a 27 36 0 182 1
a 27 13 0 50 1
a 27 40 0 14 5
a 28 34 0 182 1
a 28 33 0 15 4
a 28 62 0 38 9
a 30 49 0 182 9
a 30 7 0 32 1
a 30 45 0 28 2
a 31 45 0 182 8
a 31 96 0 27 6
a 31 97 0 40 8
a 33 39 0 182 9
a 33 63 0 20 4
a 34 20 0 182 7
a 34 41 0 1 1
a 35 46 0 182 2
a 35 6 0 29 7
a 35 5 0 29 7
a 36 89 0 182 8
a 36 22 0 15 5
a 38 82 0 182 7
a 38 40 0 30 1
a 39 75 0 182 10
a 39 50 0 42 9
a 39 32 0 13 8
a 41 8 0 182 3
a 41 16 0 9 7
a 41 70 0 14 2
a 42 14 0 182 8
a 42 64 0 25 6
a 45 41 0 182 5
a 45 72 0 26 8
a 46 15 0 182 8
a 46 89 0 33 6
a 47 3 0 182 9
a 47 97 0 29 3
a 47 57 0 26 3
a 49 21 0 182 7
a 49 24 0 28 5
a 53 23 0 182 3
a 53 46 0 44 2
a 56 19 0 182 2
a 56 99 0 13 5
a 56 15 0 35 9
a 59 80 0 182 3
a 59 9 0 47 7
a 59 47 0 32 2
a 61 13 0 182 1
a 61 35 0 1 4
a 61 100 0 21 10
a 62 71 0 182 3
a 62 65 0 28 10
a 62 12 0 35 2
a 63 33 0 182 3
a 63 49 0 19 4
a 66 42 0 182 8
a 66 12 0 40 6
a 66 88 0 38 7
a 67 27 0 182 10
a 67 53 0 47 10
a 70 74 0 182 3
a 70 100 0 45 5
a 70 10 0 44 10
a 71 24 0 182 3
a 71 41 0 11 1
a 71 45 0 28 2
a 73 56 0 182 2
a 73 81 0 23 8
a 74 28 0 182 8
a 74 41 0 9 4
a 74 32 0 43 8
a 75 30 0 182 6
a 75 48 0 25 6
a 77 100 0 182 5
a 77 94 0 182 9
a 78 86 0 182 6
a 78 6 0 20 7
a 80 47 0 182 2
a 80 69 0 29 10
a 82 77 0 182 10
a 82 14 0 49 10
a 83 59 0 182 1
a 83 72 0 32 2
a 84 70 0 182 4
a 84 29 0 6 1
a 86 61 0 182 1
a 86 69 0 43 1
a 89 63 0 182 2
a 89 86 0 30 8
a 94 12 0 182 1
a 94 59 0 11 3
