c PyNETGEN v1.0.0
c $ pip install pynetgen
c
c  NETGEN flow network generation algorithm
c  Problem input parameters
c  -------------------------------------
c   Random seed:          64
c   Number of nodes:      100
c   Source nodes:         2
c   Sink nodes:           2
c   Number of arcs:       251
c   Minimum arc cost:     1
c   Maximum arc cost:     10
c   Total supply:         250
c   Transshipment -
c     Sources:            0
c     Sinks:              0
c   Skeleton arcs -
c     With max cost:      0
c     Capacitated:        100
c   Minimum arc capacity: 1
c   Maximum arc capacity: 50
c
c  *** Minimum cost flow ***
c
p min 100 251
n 1 125
n 2 125
n 99 -167
n 100 -83
a 1 81 0 125 6
a 1 43 0 17 3
a 6 49 0 125 8
a 6 19 0 5 10
a 7 34 0 125 2
a 7 32 0 39 5
a 7 78 0 29 10
a 7 81 0 23 6
a 8 23 0 125 2
a 8 13 0 24 5
a 8 26 0 7 9
a 10 100 0 125 5
a 10 32 0 41 5
a 12 61 0 125 2
a 12 58 0 27 9
a 12 80 0 1 7
a 15 36 0 125 4
a 15 56 0 46 4
a 16 65 0 125 8
a 16 49 0 13 4
a 16 91 0 24 9
a 16 46 0 5 6
a 21 45 0 125 3
a 21 28 0 8 8
a 23 77 0 125 4
a 23 11 0 17 3
a 23 80 0 25 5
a 25 67 0 125 4
a 25 82 0 45 6
a 25 18 0 46 10
a 25 4 0 19 1
a 28 62 0 125 9
a 28 20 0 32 5
a 29 60 0 125 3
a 29 51 0 47 6
a 29 35 0 36 7
a 30 21 0 125 1
a 30 83 0 3 5
a 34 92 0 125 7
a 34 6 0 23 1
a 34 25 0 15 2
a 36 16 0 125 6
a 36 46 0 36 2
a 36 58 0 4 5
a 42 63 0 125 10
a 42 36 0 45 2
a 42 64 0 3 3
a 44 71 0 125 10
a 44 79 0 17 3
a 44 50 0 38 5
a 44 46 0 32 3
a 45 78 0 125 6
a 45 46 0 9 10
a 45 87 0 40 6
a 49 8 0 125 10
a 49 19 0 5 10
a 50 79 0 125 3
a 50 48 0 48 3
a 50 66 0 10 5
a 55 15 0 125 4
a 55 13 0 13 4
a 55 23 0 12 6
a 56 57 0 125 1
a 56 93 0 13 10
a 56 62 0 19 10
a 57 50 0 125 1
a 57 36 0 37 6
a 60 86 0 125 3
a 60 6 0 32 4
a 60 44 0 27 4
a 61 6 0 125 4
a 61 39 0 5 7
a 61 94 0 3 4
a 62 30 0 125 2
a 62 5 0 23 7
a 63 12 0 125 5
a 63 6 0 9 10
a 65 7 0 125 1
a 65 56 0 36 5
a 65 84 0 43 5
a 66 42 0 125 6
a 66 35 0 25 8
a 66 81 0 3 4
a 67 75 0 125 4
a 67 66 0 2 3
a 67 48 0 16 10
a 70 28 0 125 5
a 70 50 0 31 8
a 71 56 0 125 7
a 71 44 0 46 1
a 73 90 0 125 4
a 73 65 0 29 6
a 74 10 0 125 2
a 74 32 0 36 7
a 74 99 0 24 8
a 75 80 0 125 2
a 75 58 0 18 9
a 77 88 0 125 10
a 77 4 0 34 6
a 78 73 0 125 10
a 78 58 0 48 9
a 79 94 0 125 9
a 79 5 0 2 10
a 79 64 0 45 1
a 80 66 0 125 10
a 80 78 0 48 2
a 80 99 0 8 4
a 81 55 0 125 4
a 81 20 0 22 6
a 82 29 0 125 5
a 82 78 0 31 7
a 86 44 0 125 7
a 86 50 0 22 7
a 86 32 0 30 4
a 87 70 0 125 4
a 87 16 0 45 8
a 88 91 0 125 6
a 88 99 0 125 5
a 88 50 0 31 1
a 88 13 0 39 1
a 90 25 0 125 4
a 90 38 0 2 6
a 91 82 0 125 6
a 91 12 0 21 4
a 91 55 0 29 5
a 92 87 0 125 3
a 92 76 0 12 8
a 94 74 0 125 10
a 94 90 0 28 10
a 94 34 0 15 5
a 2 18 0 125 1
a 2 7 0 26 2
a 2 19 0 4 3
a 3 27 0 125 10
a 3 47 0 27 4
a 3 24 0 43 3
a 4 68 0 125 1
a 4 73 0 31 4
a 4 64 0 1 2
a 5 3 0 125 3
a 5 75 0 22 5
a 5 49 0 32 5
a 9 24 0 125 7
a 9 36 0 10 1
a 11 41 0 125 10
a 11 70 0 42 3
a 11 60 0 31 4
a 13 100 0 125 1
a 13 14 0 125 5
a 13 54 0 8 9
a 13 65 0 1 6
a 14 93 0 125 10
a 14 53 0 43 5
a 17 31 0 125 10
a 17 6 0 48 7
a 17 16 0 42 8
a 18 13 0 125 3
a 18 72 0 38 7
a 19 26 0 125 3
a 19 88 0 5 2
a 19 31 0 20 9
a 20 46 0 125 6
a 20 60 0 16 8
a 20 13 0 32 3
a 22 43 0 125 2
a 22 58 0 24 1
a 24 89 0 125 10
a 24 92 0 31 1
a 26 40 0 125 3
a 26 93 0 13 6
a 27 17 0 125 4
a 27 93 0 38 7
a 31 20 0 125 2
a 31 62 0 3 8
a 31 82 0 29 3
a 32 52 0 125 4
a 32 97 0 22 6
a 33 72 0 125 10
a 33 99 0 16 6
a 33 82 0 47 3
a 35 98 0 125 1
a 35 95 0 33 5
a 35 11 0 17 6
a 37 59 0 125 7
a 37 21 0 13 7
a 38 97 0 125 6
a 38 92 0 15 10
a 38 54 0 45 5
a 39 19 0 125 2
a 39 69 0 39 10
a 40 33 0 125 7
a 40 10 0 2 8
a 40 89 0 29 1
a 41 32 0 125 2
a 41 63 0 25 1
a 43 37 0 125 4
a 43 39 0 19 7
a 43 86 0 16 7
a 46 35 0 125 10
a 46 60 0 27 5
a 46 12 0 27 1
a 47 64 0 125 5
a 47 13 0 16 3
a 48 69 0 125 1
a 48 32 0 26 7
a 51 39 0 125 8
a 51 50 0 21 9
a 52 84 0 125 4
a 52 95 0 49 10
a 53 54 0 125 4
a 53 4 0 25 2
a 53 39 0 25 7
a 54 11 0 125 9
a 54 79 0 31 8
a 58 5 0 125 4
a 58 79 0 13 4
a 58 62 0 3 1
a 59 76 0 125 10
a 59 72 0 28 8
a 64 83 0 125 6
a 64 67 0 9 5
a 64 97 0 22 10
a 68 48 0 125 1
a 68 31 0 26 7
a 68 16 0 35 6
a 69 58 0 125 10
a 69 78 0 41 5
a 69 15 0 32 9
a 72 53 0 125 2
a 72 86 0 42 10
a 76 4 0 125 7
a 76 16 0 20 9
a 76 19 0 48 5
a 83 9 0 125 5
a 83 54 0 1 1
a 84 99 0 125 4
a 84 62 0 12 7
a 85 95 0 125 3
a 85 69 0 36 7
a 89 85 0 125 10
a 89 48 0 21 6
a 93 96 0 125 5
a 93 51 0 29 5
a 95 51 0 125 5
a 95 39 0 5 3
a 96 22 0 125 9
a 96 83 0 22 6
a 97 47 0 125 8
a 97 4 0 23 2
a 98 38 0 125 5
a 98 89 0 38 7
