c PyNETGEN v1.0.0
c $ pip install pynetgen
c
c  NETGEN flow network generation algorithm
c  Problem input parameters
c  -------------------------------------
c   Random seed:          48
c   Number of nodes:      100
c   Source nodes:         2
c   Sink nodes:           2
c   Number of arcs:       251
c   Minimum arc cost:     1
c   Maximum arc cost:     10
c   Total supply:         250
c   Transshipment -
c     Sources:            0
c     Sinks:              0
c   Skeleton arcs -
c     With max cost:      0
c     Capacitated:        100
c   Minimum arc capacity: 1
c   Maximum arc capacity: 50
c
c  *** Minimum cost flow ***
c
p min 100 251
n 1 162
n 2 88
n 99 -170
n 100 -80
a 1 77 0 162 3
a 1 57 0 38 5
a 1 33 0 28 3
a 1 10 0 29 8
a 4 92 0 162 1
a 4 49 0 17 9
a 5 21 0 162 2
a 5 16 0 16 10
a 5 74 0 21 5
a 9 89 0 162 5
a 9 64 0 29 7
a 9 48 0 9 9
a 9 31 0 6 4
a 11 49 0 162 6
a 11 12 0 44 7
a 12 33 0 162 6
a 12 74 0 50 1
a 14 83 0 162 4
a 14 95 0 27 8
a 15 52 0 162 9
a 15 12 0 30 7
a 15 96 0 4 4
a 18 54 0 162 10
a 18 46 0 7 3
a 21 76 0 162 10
a 21 83 0 13 5
a 21 59 0 44 3
a 21 95 0 16 3
a 24 68 0 162 5
a 24 89 0 23 1
a 28 73 0 162 2
a 28 21 0 22 6
a 30 15 0 162 1
a 30 12 0 20 8
a 30 3 0 23 8
a 30 97 0 50 4
a 32 88 0 162 10
a 32 29 0 40 3
a 32 89 0 37 9
a 32 73 0 41 6
a 33 36 0 162 9
a 33 13 0 40 8
a 33 95 0 14 6
a 33 8 0 40 4
a 36 30 0 162 7
a 36 77 0 9 6
a 41 48 0 162 1
a 41 82 0 22 3
a 42 14 0 162 3
a 42 55 0 17 4
a 43 9 0 162 7
a 43 39 0 34 6
a 43 53 0 21 6
a 43 25 0 6 5
a 46 71 0 162 3
a 46 96 0 4 8
a 47 95 0 162 6
a 47 36 0 34 5
a 47 75 0 46 9
a 48 67 0 162 10
a 48 76 0 46 10
a 48 17 0 35 5
a 49 80 0 162 1
a 49 70 0 46 1
a 52 58 0 162 2
a 52 69 0 1 1
a 52 88 0 39 9
a 53 86 0 162 1
a 53 37 0 22 1
a 54 99 0 162 4
a 54 36 0 45 4
a 58 81 0 162 3
a 58 28 0 15 10
a 61 42 0 162 1
a 61 70 0 41 8
a 61 27 0 8 7
a 62 84 0 162 6
a 62 17 0 31 7
a 63 61 0 162 4
a 63 86 0 45 10
a 66 94 0 162 4
a 66 3 0 5 3
a 66 38 0 15 9
a 67 82 0 162 4
a 67 10 0 1 5
a 67 62 0 24 2
a 68 79 0 162 9
a 68 46 0 36 2
a 68 33 0 49 2
a 70 66 0 162 4
a 70 37 0 50 10
a 70 76 0 8 5
a 71 28 0 162 6
a 71 74 0 28 8
a 73 62 0 162 9
a 73 74 0 22 7
a 73 28 0 27 7
a 74 96 0 162 6
a 74 76 0 39 4
a 74 48 0 31 6
a 76 18 0 162 7
a 76 22 0 36 10
a 76 14 0 40 2
a 77 100 0 162 5
a 77 11 0 162 5
a 77 34 0 46 8
a 79 74 0 162 9
a 79 41 0 11 10
a 79 46 0 2 1
a 80 46 0 162 9
a 80 49 0 36 6
a 81 93 0 162 3
a 81 11 0 2 1
a 81 5 0 24 6
a 82 63 0 162 5
a 82 29 0 35 4
a 83 5 0 162 9
a 83 70 0 8 5
a 84 32 0 162 7
a 84 69 0 28 1
a 84 49 0 26 10
a 86 70 0 162 10
a 86 65 0 44 3
a 86 22 0 41 9
a 88 47 0 162 2
a 88 79 0 30 10
a 88 81 0 35 8
a 89 53 0 162 6
a 89 77 0 33 2
a 92 43 0 162 4
a 92 84 0 39 9
a 93 24 0 162 1
a 93 69 0 1 5
a 94 41 0 162 9
a 94 56 0 26 9
a 95 12 0 162 3
a 95 27 0 8 4
a 95 20 0 9 1
a 96 4 0 162 5
a 96 79 0 36 4
a 96 49 0 12 1
a 2 87 0 88 10
a 2 58 0 8 10
a 3 40 0 88 1
a 3 33 0 36 10
a 3 55 0 6 6
a 6 98 0 88 5
a 6 91 0 40 1
a 7 65 0 88 8
a 7 32 0 6 6
a 8 27 0 88 4
a 8 38 0 2 1
a 8 100 0 45 9
a 10 34 0 88 6
a 10 80 0 38 8
a 13 3 0 88 8
a 13 75 0 44 9
a 13 50 0 3 7
a 16 60 0 88 2
a 16 87 0 10 7
a 17 6 0 88 1
a 17 70 0 34 4
a 17 58 0 7 1
a 19 38 0 88 10
a 19 31 0 47 1
a 20 7 0 88 7
a 20 6 0 49 2
a 22 8 0 88 5
a 22 20 0 44 5
a 23 56 0 88 8
a 23 10 0 13 7
a 25 17 0 88 8
a 25 91 0 24 5
a 26 25 0 88 3
a 26 54 0 9 5
a 26 39 0 20 2
a 27 78 0 88 9
a 27 26 0 38 1
a 29 10 0 88 3
a 29 62 0 50 9
a 31 69 0 88 5
a 31 53 0 25 5
a 31 97 0 24 10
a 34 85 0 88 6
a 34 4 0 42 7
a 35 59 0 88 5
a 35 4 0 31 6
a 37 29 0 88 3
a 37 68 0 29 7
a 37 30 0 43 3
a 38 13 0 88 9
a 38 34 0 14 7
a 38 93 0 42 9
a 39 45 0 88 2
a 39 99 0 88 9
a 39 72 0 29 6
a 40 26 0 88 2
a 40 44 0 13 7
a 40 93 0 7 9
a 44 22 0 88 3
a 44 39 0 8 7
a 44 23 0 9 4
a 45 16 0 88 10
a 45 35 0 5 10
a 45 57 0 8 9
a 50 37 0 88 7
a 50 22 0 27 8
a 50 79 0 30 8
a 51 50 0 88 2
a 51 38 0 9 4
a 51 19 0 44 1
a 55 57 0 88 4
a 55 9 0 27 10
a 56 75 0 88 7
a 56 11 0 1 6
a 56 98 0 35 5
a 57 100 0 88 10
a 57 84 0 2 2
a 57 39 0 8 2
a 59 51 0 88 3
a 59 34 0 18 4
a 59 49 0 27 7
a 60 91 0 88 10
a 60 98 0 30 9
a 60 85 0 28 3
a 64 55 0 88 7
a 64 83 0 31 9
a 65 64 0 88 10
a 65 44 0 30 5
a 69 39 0 88 7
a 69 47 0 19 6
a 69 49 0 16 6
a 72 90 0 88 2
a 72 50 0 5 2
a 75 20 0 88 7
a 75 88 0 36 5
a 78 72 0 88 5
a 78 11 0 45 3
a 85 19 0 88 4
a 85 41 0 37 10
a 87 35 0 88 2
a 87 90 0 48 5
a 90 97 0 88 8
a 90 12 0 29 2
a 91 23 0 88 10
a 91 89 0 12 1
a 91 63 0 27 8
a 97 31 0 88 7
a 97 3 0 16 7
a 98 44 0 88 9
a 98 84 0 28 9
