c PyNETGEN v1.0.0
c $ pip install pynetgen
c
c  NETGEN flow network generation algorithm
c  Problem input parameters
c  -------------------------------------
c   Random seed:          79
c   Number of nodes:      100
c   Source nodes:         2
c   Sink nodes:           2
c   Number of arcs:       251
c   Minimum arc cost:     1
c   Maximum arc cost:     10
c   Total supply:         250
c   Transshipment -
c     Sources:            0
c     Sinks:              0
c   Skeleton arcs -
c     With max cost:      0
c     Capacitated:        100
c   Minimum arc capacity: 1
c   Maximum arc capacity: 50
c
c  *** Minimum cost flow ***
c
p min 100 251
n 1 34
n 2 216
n 99 -88
n 100 -162
a 1 12 0 34 7
a 1 22 0 42 5
a 1 66 0 43 4
a 4 96 0 34 8
a 4 32 0 30 10
a 4 97 0 35 4
a 6 67 0 34 2
a 6 17 0 1 9
a 7 69 0 34 8
a 7 24 0 44 9
a 7 49 0 38 10
a 7 43 0 3 5
a 8 60 0 34 4
a 8 46 0 4 10
a 8 23 0 16 8
a 9 19 0 34 3
a 9 4 0 3 8
a 9 72 0 44 9
a 11 71 0 34 4
a 11 29 0 3 9
a 11 18 0 43 1
a 12 82 0 34 1
a 12 54 0 20 2
a 13 68 0 34 4
a 13 94 0 39 9
a 15 9 0 34 7
a 15 58 0 5 1
a 15 4 0 48 5
a 15 90 0 33 9
a 16 100 0 34 5
a 16 86 0 34 6
a 16 56 0 38 9
a 17 65 0 34 10
a 17 60 0 49 2
a 17 12 0 42 3
a 17 33 0 11 7
a 18 27 0 34 8
a 18 30 0 39 8
a 18 41 0 24 7
a 19 53 0 34 8
a 19 97 0 20 6
a 19 24 0 43 1
a 20 54 0 34 6
a 20 33 0 3 2
a 22 44 0 34 2
a 22 29 0 5 2
a 22 80 0 22 4
a 23 66 0 34 9
a 23 78 0 30 6
a 27 22 0 34 5
a 27 49 0 12 8
a 29 20 0 34 2
a 29 46 0 47 8
a 29 99 0 12 7
a 32 41 0 34 10
a 32 10 0 36 10
a 38 85 0 34 9
a 38 40 0 23 5
a 41 97 0 34 10
a 41 14 0 50 8
a 41 65 0 44 1
a 44 4 0 34 5
a 44 47 0 18 9
a 47 15 0 34 6
a 47 74 0 8 10
a 47 36 0 40 1
a 51 23 0 34 6
a 51 29 0 46 6
a 51 24 0 44 3
a 52 6 0 34 4
a 52 87 0 23 9
a 53 81 0 34 2
a 53 91 0 34 8
a 54 8 0 34 2
a 54 9 0 28 5
a 54 32 0 14 5
a 58 18 0 34 3
a 58 57 0 29 5
a 58 15 0 50 8
a 60 7 0 34 9
a 60 45 0 24 4
a 60 63 0 8 7
a 62 32 0 34 10
a 62 47 0 45 2
a 62 27 0 12 4
a 65 99 0 34 1
a 65 38 0 24 8
a 65 58 0 33 5
a 66 38 0 34 2
a 66 72 0 49 4
a 67 98 0 34 7
a 67 64 0 48 6
a 67 90 0 29 1
a 68 62 0 34 3
a 68 12 0 17 5
a 69 70 0 34 4
a 69 94 0 17 8
a 69 58 0 42 9
a 70 47 0 34 5
a 70 97 0 9 3
a 70 92 0 14 2
a 71 51 0 34 4
a 71 70 0 36 10
a 71 99 0 32 1
a 72 52 0 34 4
a 72 85 0 36 10
a 72 32 0 13 1
a 81 83 0 34 10
a 81 73 0 41 5
a 82 16 0 34 6
a 82 26 0 46 9
a 82 81 0 11 1
a 83 72 0 34 2
a 83 82 0 45 4
a 85 13 0 34 10
a 85 7 0 3 8
a 86 11 0 34 2
a 86 97 0 7 10
a 96 29 0 34 1
a 96 54 0 9 9
a 97 58 0 34 4
a 97 90 0 30 8
a 98 17 0 34 10
a 98 23 0 26 10
a 98 78 0 35 9
a 2 64 0 216 10
a 2 77 0 38 3
a 3 79 0 216 9
a 3 84 0 19 10
a 5 55 0 216 2
a 5 22 0 22 10
a 5 3 0 23 9
a 10 80 0 216 5
a 10 31 0 44 1
a 10 51 0 34 1
a 14 63 0 216 3
a 14 90 0 31 8
a 21 56 0 216 9
a 21 29 0 16 10
a 24 88 0 216 8
a 24 17 0 31 7
a 24 20 0 30 9
a 25 10 0 216 5
a 25 16 0 8 10
a 25 46 0 50 6
a 26 48 0 216 6
a 26 50 0 33 4
a 26 45 0 43 10
a 28 59 0 216 1
a 28 71 0 38 10
a 28 76 0 27 2
a 30 28 0 216 3
a 30 77 0 15 8
a 31 42 0 216 9
a 31 85 0 26 9
a 31 71 0 39 8
a 33 73 0 216 3
a 33 41 0 20 3
a 34 92 0 216 3
a 34 71 0 1 9
a 34 73 0 13 7
a 35 94 0 216 3
a 35 100 0 20 9
a 35 82 0 20 1
a 36 5 0 216 3
a 36 3 0 1 6
a 37 50 0 216 4
a 37 30 0 19 1
a 39 93 0 216 6
a 39 86 0 20 10
a 40 26 0 216 7
a 40 86 0 28 4
a 40 36 0 25 1
a 42 78 0 216 8
a 42 33 0 49 7
a 42 45 0 15 10
a 43 75 0 216 3
a 43 99 0 38 5
a 45 24 0 216 1
a 45 53 0 2 4
a 46 21 0 216 9
a 46 64 0 37 7
a 46 42 0 21 1
a 48 35 0 216 7
a 48 87 0 18 4
a 48 95 0 40 1
a 49 36 0 216 5
a 49 11 0 50 2
a 50 45 0 216 4
a 50 66 0 31 9
a 55 25 0 216 5
a 55 63 0 9 4
a 55 75 0 36 5
a 56 3 0 216 8
a 56 94 0 1 5
a 57 84 0 216 10
a 57 88 0 46 2
a 59 37 0 216 2
a 59 56 0 16 9
a 59 70 0 47 6
a 61 30 0 216 3
a 61 36 0 39 4
a 61 35 0 18 5
a 63 40 0 216 2
a 63 15 0 12 9
a 63 23 0 24 1
a 64 77 0 216 3
a 64 21 0 15 9
a 64 99 0 41 8
a 73 87 0 216 8
a 73 38 0 19 6
a 73 88 0 19 10
a 74 76 0 216 7
a 74 61 0 18 7
a 75 90 0 216 6
a 75 36 0 9 5
a 76 61 0 216 1
a 76 81 0 41 6
a 76 78 0 8 9
a 77 95 0 216 5
a 77 9 0 15 3
a 77 38 0 1 3
a 78 49 0 216 1
a 78 3 0 23 10
a 78 22 0 18 1
a 79 99 0 216 8
a 79 24 0 36 7
a 79 92 0 35 9
a 80 57 0 216 6
a 80 60 0 26 4
a 84 91 0 216 10
a 84 53 0 5 1
a 84 31 0 5 8
a 87 14 0 216 7
a 87 25 0 9 8
a 88 34 0 216 10
a 88 46 0 43 4
a 89 46 0 216 9
a 89 69 0 40 8
a 90 39 0 216 8
a 90 11 0 8 4
a 91 74 0 216 2
a 91 10 0 28 7
a 92 33 0 216 2
a 92 100 0 216 9
a 93 89 0 216 9
a 93 20 0 19 6
a 94 43 0 216 8
a 94 82 0 1 4
a 95 31 0 216 4
a 95 27 0 34 3
