c PyNETGEN v1.0.0
c $ pip install pynetgen
c
c  NETGEN flow network generation algorithm
c  Problem input parameters
c  -------------------------------------
c   Random seed:          14
c   Number of nodes:      100
c   Source nodes:         2
c   Sink nodes:           2
c   Number of arcs:       251
c   Minimum arc cost:     1
c   Maximum arc cost:     10
c   Total supply:         250
c   Transshipment -
c     Sources:            0
c     Sinks:              0
c   Skeleton arcs -
c     With max cost:      0
c     Capacitated:        100
c   Minimum arc capacity: 1
c   Maximum arc capacity: 50
c
c  *** Minimum cost flow ***
c
p min 100 251
n 1 121
n 2 129
n 99 -86
n 100 -164
a 1 22 0 121 7
a 1 39 0 19 7
a 1 38 0 45 8
a 4 42 0 121 8
a 4 89 0 46 10
a 4 43 0 18 3
a 4 83 0 17 6
a 6 75 0 121 3
a 6 38 0 42 6
a 7 33 0 121 2
a 7 58 0 35 4
a 7 34 0 31 5
a 7 82 0 25 2
a 9 36 0 121 2
a 9 23 0 46 4
a 12 40 0 121 7
a 12 57 0 5 5
a 12 3 0 35 1
a 12 8 0 49 5
a 14 15 0 121 4
a 14 13 0 45 7
a 15 20 0 121 9
a 15 58 0 15 8
a 15 56 0 39 8
a 15 48 0 4 9
a 16 88 0 121 7
a 16 30 0 27 2
a 16 23 0 41 10
a 17 60 0 121 10
a 17 44 0 13 7
a 17 87 0 28 10
a 18 14 0 121 4
a 18 31 0 16 10
a 18 30 0 13 8
a 19 26 0 121 6
a 19 73 0 10 3
a 19 25 0 18 2
a 20 80 0 121 8
a 20 84 0 48 9
a 20 44 0 40 3
a 21 27 0 121 1
a 21 50 0 5 2
a 21 75 0 11 3
a 22 12 0 121 3
a 22 54 0 25 3
a 24 84 0 121 6
a 24 96 0 31 6
a 24 85 0 26 8
a 26 32 0 121 2
a 26 57 0 19 4
a 27 79 0 121 4
a 27 39 0 46 9
a 27 55 0 28 2
a 32 89 0 121 8
a 32 4 0 18 6
a 32 90 0 50 1
a 33 19 0 121 9
a 33 50 0 11 9
a 33 9 0 18 1
a 35 76 0 121 9
a 35 79 0 43 3
a 35 81 0 25 8
a 36 87 0 121 4
a 36 30 0 14 2
a 36 51 0 46 6
a 38 91 0 121 1
a 38 32 0 4 7
a 38 60 0 45 9
a 39 38 0 121 3
a 39 100 0 121 7
a 39 30 0 17 2
a 40 59 0 121 10
a 40 81 0 33 6
a 40 31 0 43 10
a 42 96 0 121 4
a 42 31 0 29 5
a 42 20 0 42 5
a 43 97 0 121 8
a 43 8 0 11 10
a 43 3 0 47 4
a 44 98 0 121 7
a 44 32 0 45 5
a 44 49 0 50 6
a 46 39 0 121 6
a 46 84 0 27 4
a 50 9 0 121 1
a 50 63 0 2 1
a 53 21 0 121 6
a 53 18 0 40 4
a 53 23 0 1 5
a 59 7 0 121 8
a 59 39 0 25 1
a 59 11 0 43 7
a 60 18 0 121 6
a 60 44 0 50 5
a 68 50 0 121 5
a 68 62 0 44 4
a 71 16 0 121 8
a 71 44 0 34 8
a 71 9 0 41 2
a 74 68 0 121 7
a 74 66 0 34 9
a 74 47 0 49 2
a 75 81 0 121 8
a 75 89 0 12 10
a 76 71 0 121 3
a 76 32 0 18 6
a 76 43 0 12 9
a 77 17 0 121 2
a 77 32 0 14 8
a 77 62 0 39 9
a 79 46 0 121 2
a 79 14 0 21 2
a 79 13 0 11 9
a 80 35 0 121 8
a 80 61 0 50 10
a 80 43 0 6 8
a 81 24 0 121 2
a 81 38 0 34 5
a 84 99 0 121 3
a 84 86 0 3 8
a 87 4 0 121 2
a 87 75 0 47 3
a 87 69 0 25 5
a 88 6 0 121 6
a 88 30 0 32 10
a 88 51 0 11 10
a 89 74 0 121 7
a 89 26 0 26 9
a 89 14 0 35 6
a 91 43 0 121 4
a 91 92 0 13 1
a 96 44 0 121 7
a 96 61 0 35 4
a 96 91 0 28 5
a 97 77 0 121 2
a 97 15 0 43 2
a 98 53 0 121 4
a 98 30 0 12 9
a 98 9 0 15 3
a 2 65 0 129 8
a 2 13 0 15 10
a 3 83 0 129 2
a 3 87 0 2 10
a 3 45 0 38 8
a 5 63 0 129 6
a 5 73 0 43 2
a 5 36 0 18 3
a 8 72 0 129 10
a 8 84 0 13 8
a 10 69 0 129 8
a 10 90 0 2 7
a 10 7 0 41 1
a 11 8 0 129 3
a 11 67 0 37 10
a 13 45 0 129 3
a 13 31 0 3 7
a 13 38 0 30 7
a 23 52 0 129 2
a 23 50 0 27 9
a 25 30 0 129 5
a 25 19 0 16 7
a 28 93 0 129 1
a 28 67 0 42 2
a 28 17 0 47 9
a 29 47 0 129 3
a 29 28 0 33 6
a 30 70 0 129 8
a 30 80 0 2 1
a 30 14 0 31 9
a 31 28 0 129 10
a 31 18 0 48 7
a 31 17 0 30 6
a 34 3 0 129 6
a 34 13 0 26 1
a 37 61 0 129 9
a 37 3 0 8 5
a 41 66 0 129 8
a 41 40 0 32 2
a 41 69 0 3 3
a 45 29 0 129 5
a 45 37 0 45 1
a 47 95 0 129 6
a 47 6 0 48 8
a 47 35 0 15 3
a 48 41 0 129 4
a 48 30 0 39 6
a 48 19 0 16 4
a 49 94 0 129 7
a 49 41 0 32 5
a 51 67 0 129 8
a 51 93 0 19 2
a 51 74 0 42 5
a 52 82 0 129 9
a 52 72 0 43 10
a 52 23 0 8 5
a 54 78 0 129 10
a 54 26 0 25 1
a 54 58 0 7 2
a 55 49 0 129 4
a 55 5 0 11 3
a 55 31 0 28 10
a 56 34 0 129 4
a 56 48 0 33 4
a 56 10 0 19 5
a 57 58 0 129 10
a 57 96 0 8 8
a 58 55 0 129 1
a 58 10 0 12 2
a 61 85 0 129 7
a 61 12 0 24 2
a 62 64 0 129 7
a 62 42 0 33 3
a 63 23 0 129 5
a 63 47 0 43 6
a 64 31 0 129 2
a 64 13 0 35 5
a 65 57 0 129 2
a 65 35 0 16 5
a 66 25 0 129 1
a 66 28 0 10 7
a 67 48 0 129 7
a 67 93 0 22 10
a 69 5 0 129 5
a 69 21 0 16 1
a 70 37 0 129 2
a 70 93 0 34 10
a 72 51 0 129 4
a 72 63 0 12 2
a 73 92 0 129 4
a 73 32 0 24 3
a 78 86 0 129 4
a 78 62 0 7 4
a 82 56 0 129 7
a 82 21 0 12 10
a 83 11 0 129 1
a 83 100 0 30 6
a 85 54 0 129 1
a 85 28 0 23 4
a 86 13 0 129 5
a 86 22 0 48 8
a 90 73 0 129 4
a 90 35 0 8 5
a 92 100 0 129 7
a 92 77 0 3 8
a 93 90 0 129 1
a 93 99 0 129 7
a 94 10 0 129 8
a 94 16 0 31 3
a 95 62 0 129 2
a 95 65 0 16 4
