c PyNETGEN v1.0.0
c $ pip install pynetgen
c
c  NETGEN flow network generation algorithm
c  Problem input parameters
c  -------------------------------------
c   Random seed:          30
c   Number of nodes:      100
c   Source nodes:         2
c   Sink nodes:           2
c   Number of arcs:       251
c   Minimum arc cost:     1
c   Maximum arc cost:     10
c   Total supply:         250
c   Transshipment -
c     Sources:            0
c     Sinks:              0
c   Skeleton arcs -
c     With max cost:      0
c     Capacitated:        100
c   Minimum arc capacity: 1
c   Maximum arc capacity: 50
c
c  *** Minimum cost flow ***
c
p min 100 251
n 1 86
n 2 164
n 99 -92
n 100 -158
a 1 57 0 86 10
a 1 24 0 48 5
a 1 48 0 5 3
a 1 47 0 24 9
a 5 51 0 86 7
a 5 36 0 40 9
a 5 82 0 27 1
a 5 84 0 10 10
a 6 87 0 86 3
a 6 57 0 41 2
a 7 35 0 86 3
a 7 41 0 17 10
a 8 7 0 86 10
a 8 33 0 28 5
a 9 6 0 86 9
a 9 99 0 86 7
a 9 38 0 14 9
a 9 95 0 24 7
a 11 13 0 86 6
a 11 22 0 13 1
a 11 56 0 12 6
a 11 91 0 33 10
a 13 60 0 86 10
a 13 49 0 40 3
a 21 45 0 86 9
a 21 97 0 35 1
a 21 24 0 24 8
a 23 21 0 86 1
a 23 34 0 23 7
a 24 85 0 86 5
a 24 34 0 34 5
a 26 91 0 86 5
a 26 99 0 40 7
a 26 7 0 11 6
a 35 72 0 86 3
a 35 28 0 36 3
a 35 15 0 12 2
a 35 100 0 18 1
a 36 94 0 86 7
a 36 26 0 22 9
a 37 90 0 86 10
a 37 24 0 32 8
a 37 83 0 43 3
a 37 92 0 9 7
a 41 44 0 86 6
a 41 10 0 27 2
a 41 69 0 10 3
a 42 69 0 86 7
a 42 20 0 11 6
a 42 94 0 25 10
a 43 78 0 86 10
a 43 51 0 5 8
a 43 67 0 31 9
a 44 96 0 86 1
a 44 81 0 42 2
a 45 98 0 86 6
a 45 51 0 1 3
a 46 80 0 86 10
a 46 66 0 1 5
a 46 55 0 31 3
a 49 36 0 86 2
a 49 5 0 31 2
a 49 81 0 19 4
a 51 70 0 86 5
a 51 18 0 45 3
a 51 27 0 18 1
a 55 5 0 86 10
a 55 15 0 43 4
a 57 55 0 86 3
a 57 12 0 13 5
a 57 61 0 42 1
a 59 9 0 86 8
a 59 16 0 41 4
a 60 100 0 86 7
a 60 41 0 10 8
a 63 59 0 86 5
a 63 18 0 25 1
a 65 23 0 86 2
a 65 15 0 9 2
a 65 31 0 50 2
a 66 11 0 86 9
a 66 91 0 26 2
a 66 4 0 1 4
a 68 84 0 86 8
a 68 67 0 40 5
a 69 66 0 86 10
a 69 41 0 41 7
a 70 26 0 86 9
a 70 45 0 14 9
a 72 24 0 86 3
a 72 30 0 8 10
a 78 97 0 86 5
a 78 45 0 4 3
a 78 99 0 26 10
a 80 65 0 86 8
a 80 92 0 47 9
a 82 63 0 86 5
a 82 94 0 40 6
a 84 43 0 86 10
a 84 77 0 38 4
a 84 29 0 37 6
a 85 37 0 86 5
a 85 91 0 40 7
a 86 8 0 86 7
a 86 93 0 9 3
a 87 41 0 86 6
a 87 12 0 24 7
a 87 33 0 30 3
a 87 24 0 38 7
a 90 49 0 86 3
a 90 23 0 35 4
a 90 50 0 46 3
a 91 82 0 86 8
a 91 15 0 4 3
a 94 42 0 86 6
a 94 15 0 27 1
a 94 58 0 42 4
a 96 46 0 86 9
a 96 13 0 18 10
a 96 37 0 41 7
a 97 86 0 86 8
a 97 11 0 7 8
a 98 68 0 86 9
a 98 23 0 8 3
a 98 50 0 13 9
a 2 92 0 164 1
a 2 8 0 21 7
a 3 88 0 164 6
a 3 54 0 13 2
a 4 83 0 164 2
a 4 3 0 37 4
a 4 26 0 42 2
a 10 28 0 164 3
a 10 47 0 46 3
a 10 32 0 12 5
a 12 73 0 164 1
a 12 72 0 41 3
a 14 71 0 164 10
a 14 55 0 31 4
a 15 3 0 164 4
a 15 20 0 19 2
a 15 45 0 50 6
a 16 56 0 164 1
a 16 63 0 44 9
a 17 14 0 164 5
a 17 12 0 42 7
a 17 72 0 2 1
a 18 27 0 164 9
a 18 75 0 48 1
a 19 10 0 164 6
a 19 37 0 40 7
a 20 16 0 164 10
a 20 7 0 41 5
a 22 20 0 164 8
a 22 60 0 19 10
a 22 37 0 23 4
a 25 19 0 164 3
a 25 61 0 14 9
a 25 67 0 38 8
a 27 54 0 164 9
a 27 86 0 26 2
a 27 65 0 26 6
a 28 52 0 164 2
a 28 15 0 25 7
a 28 77 0 29 1
a 29 79 0 164 4
a 29 62 0 49 1
a 30 50 0 164 7
a 30 75 0 33 9
a 31 53 0 164 9
a 31 44 0 14 4
a 32 74 0 164 7
a 32 75 0 22 4
a 33 47 0 164 1
a 33 17 0 10 7
a 33 25 0 43 10
a 34 12 0 164 2
a 34 79 0 37 8
a 34 41 0 25 6
a 38 30 0 164 6
a 38 90 0 2 7
a 39 40 0 164 5
a 39 17 0 8 1
a 40 75 0 164 3
a 40 99 0 164 1
a 40 46 0 48 10
a 47 22 0 164 4
a 47 44 0 25 1
a 48 61 0 164 3
a 48 65 0 4 6
a 50 67 0 164 5
a 50 68 0 44 10
a 50 84 0 47 8
a 50 66 0 19 5
a 52 4 0 164 6
a 52 9 0 10 4
a 52 48 0 9 9
a 53 81 0 164 6
a 53 96 0 25 2
a 54 76 0 164 5
a 54 70 0 30 2
a 56 77 0 164 10
a 56 32 0 32 8
a 56 93 0 2 6
a 58 15 0 164 5
a 58 90 0 36 8
a 58 22 0 11 9
a 61 39 0 164 9
a 61 18 0 45 10
a 61 20 0 35 8
a 62 38 0 164 3
a 62 57 0 15 2
a 62 37 0 29 6
a 64 89 0 164 5
a 64 44 0 44 9
a 67 48 0 164 1
a 67 52 0 32 1
a 71 31 0 164 4
a 71 4 0 37 5
a 71 28 0 7 9
a 73 95 0 164 1
a 73 25 0 29 10
a 74 62 0 164 3
a 74 91 0 25 3
a 75 93 0 164 6
a 75 3 0 4 5
a 76 58 0 164 3
a 76 83 0 18 6
a 76 23 0 32 1
a 77 32 0 164 4
a 77 39 0 24 8
a 79 64 0 164 1
a 79 52 0 20 4
a 79 10 0 41 3
a 81 29 0 164 9
a 81 52 0 42 1
a 83 18 0 164 6
a 83 8 0 2 6
a 83 6 0 8 7
a 88 33 0 164 7
a 88 3 0 31 2
a 88 95 0 23 10
a 89 100 0 164 5
a 89 33 0 17 5
a 89 80 0 32 6
a 92 34 0 164 1
a 92 54 0 29 8
a 93 17 0 164 9
a 93 28 0 10 4
a 95 25 0 164 9
a 95 78 0 41 1
