c PyNETGEN v1.0.0
c $ pip install pynetgen
c
c  NETGEN flow network generation algorithm
c  Problem input parameters
c  -------------------------------------
c   Random seed:          4
c   Number of nodes:      100
c   Source nodes:         2
c   Sink nodes:           2
c   Number of arcs:       251
c   Minimum arc cost:     1
c   Maximum arc cost:     10
c   Total supply:         250
c   Transshipment -
c     Sources:            0
c     Sinks:              0
c   Skeleton arcs -
c     With max cost:      0
c     Capacitated:        100
c   Minimum arc capacity: 1
c   Maximum arc capacity: 50
c
c  *** Minimum cost flow ***
c
p min 100 251
n 1 125
n 2 125
n 99 -128
n 100 -122
a 1 35 0 125 2
a 1 64 0 20 9
a 1 55 0 27 4
a 6 61 0 125 6
a 6 28 0 34 7
a 6 58 0 5 6
a 6 75 0 27 4
a 10 75 0 125 2
a 10 73 0 48 6
a 10 53 0 41 10
a 10 11 0 30 9
a 11 96 0 125 10
a 11 47 0 20 8
a 11 98 0 32 4
a 12 79 0 125 1
a 12 24 0 19 8
a 17 10 0 125 8
a 17 6 0 1 1
a 17 20 0 34 5
a 20 11 0 125 3
a 20 53 0 48 10
a 20 93 0 24 6
a 21 44 0 125 6
a 21 39 0 24 4
a 22 65 0 125 4
a 22 75 0 27 3
a 22 82 0 8 10
a 23 83 0 125 5
a 23 82 0 37 1
a 23 96 0 17 1
a 24 57 0 125 8
a 24 4 0 13 2
a 26 22 0 125 4
a 26 69 0 17 8
a 26 87 0 43 4
a 26 27 0 46 7
a 27 20 0 125 9
a 27 100 0 125 5
a 27 78 0 6 7
a 29 66 0 125 3
a 29 57 0 43 10
a 31 98 0 125 1
a 31 13 0 45 6
a 31 55 0 5 9
a 35 17 0 125 5
a 35 59 0 6 10
a 35 66 0 20 6
a 36 42 0 125 1
a 36 82 0 27 7
a 36 50 0 12 4
a 38 24 0 125 2
a 38 47 0 47 6
a 39 53 0 125 4
a 39 67 0 9 2
a 40 72 0 125 8
a 40 26 0 22 9
a 40 39 0 41 3
a 41 59 0 125 4
a 41 55 0 19 2
a 42 84 0 125 5
a 42 80 0 40 2
a 42 31 0 5 7
a 44 23 0 125 3
a 44 93 0 25 3
a 44 75 0 20 2
a 45 89 0 125 6
a 45 80 0 32 5
a 46 21 0 125 5
a 46 20 0 36 8
a 49 54 0 125 1
a 49 68 0 19 1
a 49 5 0 30 9
a 52 49 0 125 3
a 52 40 0 39 9
a 52 48 0 1 6
a 53 86 0 125 1
a 53 76 0 32 6
a 54 85 0 125 2
a 54 4 0 24 1
a 54 59 0 12 8
a 57 87 0 125 1
a 57 25 0 19 7
a 59 78 0 125 9
a 59 34 0 26 1
a 59 92 0 16 4
a 61 68 0 125 10
a 61 5 0 21 10
a 61 37 0 7 9
a 65 31 0 125 8
a 65 32 0 35 1
a 66 6 0 125 7
a 66 92 0 7 4
a 68 27 0 125 9
a 68 81 0 31 8
a 68 53 0 20 10
a 72 52 0 125 1
a 72 51 0 4 4
a 73 26 0 125 5
a 73 89 0 31 4
a 75 73 0 125 2
a 75 69 0 46 8
a 78 29 0 125 4
a 78 12 0 34 10
a 79 91 0 125 6
a 79 4 0 23 6
a 79 70 0 16 3
a 83 99 0 125 6
a 83 89 0 18 4
a 84 46 0 125 1
a 84 15 0 11 4
a 84 77 0 11 9
a 85 45 0 125 7
a 85 38 0 42 8
a 85 20 0 11 3
a 86 38 0 125 3
a 86 89 0 7 9
a 86 57 0 10 7
a 87 12 0 125 3
a 87 77 0 44 10
a 87 53 0 3 6
a 89 36 0 125 4
a 89 21 0 40 6
a 91 41 0 125 10
a 91 3 0 7 10
a 91 63 0 2 9
a 96 40 0 125 2
a 96 56 0 32 7
a 96 90 0 17 1
a 98 39 0 125 5
a 98 90 0 9 5
a 2 34 0 125 6
a 2 84 0 38 4
a 3 94 0 125 4
a 3 22 0 27 10
a 3 35 0 5 6
a 4 14 0 125 3
a 4 95 0 31 4
a 5 19 0 125 10
a 5 31 0 35 3
a 7 56 0 125 7
a 7 44 0 33 7
a 8 51 0 125 4
a 8 4 0 41 10
a 9 28 0 125 1
a 9 8 0 12 7
a 13 82 0 125 7
a 13 46 0 26 1
a 13 27 0 39 7
a 13 8 0 9 5
a 14 13 0 125 6
a 14 96 0 25 4
a 14 94 0 29 6
a 15 7 0 125 2
a 15 16 0 4 9
a 15 3 0 31 7
a 16 70 0 125 8
a 16 72 0 7 7
a 16 98 0 8 10
a 18 74 0 125 1
a 18 72 0 50 2
a 18 90 0 49 3
a 19 64 0 125 1
a 19 29 0 13 2
a 19 91 0 32 10
a 25 77 0 125 10
a 25 60 0 39 8
a 25 99 0 16 4
a 28 69 0 125 6
a 28 99 0 8 4
a 30 25 0 125 4
a 30 16 0 38 10
a 30 89 0 35 1
a 32 47 0 125 1
a 32 72 0 25 2
a 32 92 0 22 6
a 33 55 0 125 4
a 33 82 0 8 6
a 33 46 0 45 6
a 34 48 0 125 2
a 34 65 0 7 4
a 34 59 0 47 10
a 37 97 0 125 7
a 37 15 0 46 7
a 37 21 0 14 4
a 43 76 0 125 10
a 43 99 0 10 2
a 47 93 0 125 10
a 47 80 0 25 10
a 48 37 0 125 9
a 48 84 0 17 6
a 50 63 0 125 4
a 50 37 0 4 10
a 51 62 0 125 1
a 51 34 0 10 8
a 55 100 0 125 9
a 55 92 0 16 5
a 55 48 0 45 6
a 56 88 0 125 6
a 56 4 0 9 10
a 58 99 0 125 4
a 58 50 0 125 6
a 58 46 0 21 5
a 60 81 0 125 1
a 60 67 0 16 7
a 62 71 0 125 8
a 62 29 0 18 9
a 63 4 0 125 8
a 63 50 0 48 6
a 64 80 0 125 8
a 64 73 0 20 8
a 67 32 0 125 8
a 67 99 0 44 9
a 67 41 0 10 7
a 69 8 0 125 3
a 69 6 0 12 6
a 70 3 0 125 3
a 70 75 0 41 5
a 71 5 0 125 4
a 71 70 0 3 10
a 74 60 0 125 1
a 74 67 0 23 9
a 74 65 0 10 2
a 76 30 0 125 4
a 76 84 0 22 10
a 76 85 0 2 7
a 77 67 0 125 1
a 77 49 0 27 1
a 77 28 0 45 9
a 80 33 0 125 10
a 80 16 0 30 10
a 81 9 0 125 5
a 81 52 0 27 1
a 82 92 0 125 10
a 82 25 0 42 1
a 88 58 0 125 9
a 88 94 0 49 2
a 90 15 0 125 2
a 90 14 0 38 5
a 90 31 0 16 2
a 92 18 0 125 2
a 92 80 0 5 8
a 92 23 0 48 10
a 93 95 0 125 8
a 93 83 0 20 9
a 93 77 0 40 7
a 94 43 0 125 3
a 94 13 0 10 9
a 95 90 0 125 9
a 95 83 0 2 10
a 97 16 0 125 6
a 97 37 0 2 4
