c PyNETGEN v1.0.0
c $ pip install pynetgen
c
c  NETGEN flow network generation algorithm
c  Problem input parameters
c  -------------------------------------
c   Random seed:          89
c   Number of nodes:      100
c   Source nodes:         2
c   Sink nodes:           2
c   Number of arcs:       251
c   Minimum arc cost:     1
c   Maximum arc cost:     10
c   Total supply:         250
c   Transshipment -
c     Sources:            0
c     Sinks:              0
c   Skeleton arcs -
c     With max cost:      0
c     Capacitated:        100
c   Minimum arc capacity: 1
c   Maximum arc capacity: 50
c
c  *** Minimum cost flow ***
c
p min 100 251
n 1 226
n 2 24
n 99 -193
n 100 -57
a 1 30 0 226 2
a 1 62 0 41 6
a 1 48 0 11 8
a 7 81 0 226 10
a 7 93 0 42 3
a 7 80 0 48 1
a 10 99 0 226 5
a 10 16 0 5 4
a 11 14 0 226 2
a 11 21 0 25 6
a 11 64 0 40 8
a 11 24 0 27 10
a 12 88 0 226 9
a 12 45 0 14 7
a 12 42 0 41 3
a 12 3 0 21 8
a 14 22 0 226 10
a 14 60 0 28 9
a 16 70 0 226 9
a 16 58 0 14 10
a 16 34 0 40 8
a 18 41 0 226 6
a 18 13 0 12 7
a 18 34 0 19 8
a 18 78 0 29 2
a 19 26 0 226 7
a 19 81 0 24 3
a 19 32 0 14 9
a 21 74 0 226 6
a 21 56 0 14 8
a 21 64 0 16 8
a 22 45 0 226 10
a 22 98 0 12 6
a 26 32 0 226 8
a 26 66 0 9 1
a 29 84 0 226 1
a 29 76 0 44 1
a 30 76 0 226 9
a 30 95 0 48 3
a 30 3 0 41 10
a 30 86 0 47 6
a 32 39 0 226 10
a 32 4 0 22 5
a 33 90 0 226 3
a 33 23 0 19 10
a 33 20 0 41 4
a 34 57 0 226 9
a 34 17 0 32 10
a 36 67 0 226 1
a 36 96 0 24 4
a 39 100 0 226 6
a 39 54 0 226 10
a 39 40 0 6 6
a 39 30 0 32 6
a 41 80 0 226 7
a 41 38 0 43 1
a 44 69 0 226 9
a 44 12 0 35 10
a 45 75 0 226 1
a 45 22 0 10 3
a 45 16 0 21 5
a 48 79 0 226 5
a 48 31 0 26 1
a 51 7 0 226 4
a 51 14 0 4 4
a 51 44 0 29 1
a 54 72 0 226 10
a 54 42 0 12 7
a 54 48 0 39 5
a 57 86 0 226 10
a 57 52 0 21 10
a 57 34 0 32 7
a 58 18 0 226 4
a 58 89 0 33 3
a 58 28 0 31 5
a 65 89 0 226 2
a 65 40 0 30 1
a 67 94 0 226 8
a 67 24 0 37 4
a 67 65 0 24 9
a 68 71 0 226 10
a 68 74 0 34 5
a 68 96 0 31 10
a 69 16 0 226 5
a 69 68 0 26 4
a 69 39 0 45 5
a 70 48 0 226 5
a 70 99 0 29 3
a 70 36 0 24 10
a 71 21 0 226 2
a 71 96 0 35 6
a 71 94 0 16 3
a 72 12 0 226 10
a 72 35 0 48 3
a 72 64 0 44 10
a 74 11 0 226 8
a 74 6 0 4 5
a 74 56 0 8 4
a 75 58 0 226 8
a 75 12 0 41 4
a 75 3 0 28 6
a 76 44 0 226 4
a 76 46 0 1 2
a 76 47 0 24 6
a 79 65 0 226 10
a 79 84 0 50 6
a 79 13 0 5 4
a 80 51 0 226 4
a 80 78 0 22 7
a 80 59 0 19 10
a 81 36 0 226 4
a 81 12 0 26 5
a 84 91 0 226 1
a 84 54 0 45 7
a 86 29 0 226 5
a 86 11 0 43 9
a 86 33 0 41 10
a 88 34 0 226 3
a 88 14 0 28 9
a 88 68 0 39 3
a 89 19 0 226 3
a 89 39 0 32 8
a 90 93 0 226 7
a 90 8 0 44 5
a 91 68 0 226 9
a 91 94 0 20 1
a 93 10 0 226 4
a 93 98 0 10 2
a 93 62 0 29 4
a 94 33 0 226 5
a 94 78 0 22 7
a 2 92 0 24 10
a 2 17 0 39 7
a 2 6 0 9 6
a 3 55 0 24 2
a 3 30 0 44 4
a 3 5 0 12 3
a 4 98 0 24 4
a 4 46 0 26 10
a 5 59 0 24 1
a 5 88 0 39 5
a 5 33 0 14 4
a 6 17 0 24 6
a 6 26 0 39 5
a 6 60 0 26 7
a 8 63 0 24 2
a 8 76 0 50 5
a 8 52 0 19 3
a 9 61 0 24 9
a 9 22 0 5 6
a 9 63 0 40 7
a 13 15 0 24 6
a 13 68 0 44 7
a 15 31 0 24 8
a 15 93 0 35 2
a 15 81 0 14 7
a 17 49 0 24 9
a 17 39 0 39 10
a 17 86 0 11 7
a 20 85 0 24 8
a 20 65 0 39 2
a 20 64 0 8 4
a 23 77 0 24 8
a 23 17 0 27 3
a 24 40 0 24 10
a 24 83 0 2 3
a 25 64 0 24 1
a 25 22 0 14 4
a 25 99 0 10 4
a 27 95 0 24 7
a 27 58 0 19 4
a 28 23 0 24 8
a 28 83 0 34 3
a 31 5 0 24 9
a 31 83 0 3 2
a 35 13 0 24 10
a 35 84 0 43 6
a 37 83 0 24 1
a 37 40 0 48 6
a 38 96 0 24 8
a 38 4 0 47 6
a 38 78 0 5 2
a 40 27 0 24 1
a 40 41 0 31 10
a 40 29 0 23 2
a 42 9 0 24 4
a 42 7 0 14 2
a 43 24 0 24 1
a 43 92 0 2 9
a 46 4 0 24 6
a 46 82 0 2 4
a 46 48 0 21 6
a 47 43 0 24 7
a 47 40 0 47 3
a 47 91 0 5 9
a 49 97 0 24 2
a 49 11 0 34 9
a 49 47 0 41 8
a 50 28 0 24 4
a 50 97 0 37 8
a 50 13 0 21 1
a 52 56 0 24 2
a 52 89 0 26 5
a 53 62 0 24 8
a 53 55 0 6 7
a 53 69 0 22 5
a 55 6 0 24 8
a 55 96 0 10 6
a 56 25 0 24 4
a 56 19 0 17 7
a 59 53 0 24 6
a 59 88 0 17 6
a 59 78 0 3 9
a 60 38 0 24 6
a 60 29 0 13 6
a 61 37 0 24 10
a 61 9 0 41 6
a 62 82 0 24 9
a 62 24 0 4 4
a 62 80 0 12 6
a 63 3 0 24 6
a 63 87 0 33 4
a 63 9 0 10 8
a 64 35 0 24 8
a 64 39 0 14 1
a 66 47 0 24 8
a 66 80 0 39 1
a 73 52 0 24 10
a 73 82 0 37 10
a 77 100 0 24 10
a 77 47 0 18 8
a 78 8 0 24 8
a 78 9 0 19 9
a 82 66 0 24 10
a 82 75 0 37 3
a 83 50 0 24 9
a 83 55 0 7 8
a 85 73 0 24 5
a 85 78 0 41 1
a 87 20 0 24 9
a 87 19 0 5 7
a 92 87 0 24 6
a 92 39 0 17 3
a 95 78 0 24 10
a 95 97 0 23 10
a 96 42 0 24 4
a 96 79 0 47 9
a 97 46 0 24 2
a 97 99 0 24 5
a 98 60 0 24 1
a 98 48 0 1 5
