c PyNETGEN v1.0.0
c $ pip install pynetgen
c
c  NETGEN flow network generation algorithm
c  Problem input parameters
c  -------------------------------------
c   Random seed:          39
c   Number of nodes:      100
c   Source nodes:         2
c   Sink nodes:           2
c   Number of arcs:       251
c   Minimum arc cost:     1
c   Maximum arc cost:     10
c   Total supply:         250
c   Transshipment -
c     Sources:            0
c     Sinks:              0
c   Skeleton arcs -
c     With max cost:      0
c     Capacitated:        100
c   Minimum arc capacity: 1
c   Maximum arc capacity: 50
c
c  *** Minimum cost flow ***
c
p min 100 251
n 1 125
n 2 125
n 99 -144
n 100 -106
a 1 67 0 125 3
a 1 56 0 43 10
a 1 41 0 18 8
a 1 78 0 3 2
a 5 55 0 125 9
a 5 10 0 30 9
a 5 46 0 23 3
a 7 87 0 125 8
a 7 48 0 2 10
a 7 68 0 23 1
a 9 25 0 125 1
a 9 93 0 13 1
a 9 84 0 33 5
a 9 14 0 17 6
a 10 37 0 125 10
a 10 100 0 34 6
a 10 61 0 18 1
a 11 51 0 125 4
a 11 39 0 10 1
a 12 72 0 125 5
a 12 63 0 8 3
a 12 18 0 47 6
a 13 49 0 125 4
a 13 5 0 50 8
a 13 14 0 29 8
a 14 41 0 125 7
a 14 59 0 26 10
a 15 10 0 125 4
a 15 29 0 11 10
a 15 28 0 31 5
a 16 70 0 125 5
a 16 43 0 25 7
a 17 16 0 125 9
a 17 52 0 28 8
a 17 89 0 38 1
a 19 59 0 125 8
a 19 90 0 11 3
a 22 93 0 125 7
a 22 34 0 49 7
a 25 43 0 125 5
a 25 56 0 33 8
a 26 94 0 125 9
a 26 19 0 47 6
a 29 100 0 125 2
a 29 65 0 24 10
a 31 13 0 125 2
a 31 95 0 17 6
a 31 20 0 28 1
a 33 26 0 125 6
a 33 70 0 2 3
a 33 87 0 18 2
a 33 41 0 21 8
a 37 90 0 125 5
a 37 41 0 44 3
a 37 74 0 14 3
a 39 81 0 125 9
a 39 63 0 31 3
a 39 80 0 3 6
a 40 83 0 125 4
a 40 76 0 28 7
a 40 99 0 28 10
a 41 56 0 125 7
a 41 75 0 44 1
a 43 5 0 125 7
a 43 68 0 31 3
a 46 9 0 125 1
a 46 84 0 19 8
a 46 66 0 49 10
a 46 13 0 46 10
a 48 7 0 125 6
a 48 43 0 18 6
a 48 72 0 16 7
a 49 12 0 125 3
a 49 30 0 11 4
a 51 63 0 125 8
a 51 97 0 30 7
a 52 31 0 125 7
a 52 58 0 45 7
a 52 45 0 18 8
a 55 97 0 125 10
a 55 41 0 12 7
a 56 39 0 125 5
a 56 9 0 23 6
a 59 29 0 125 9
a 59 17 0 33 2
a 61 96 0 125 10
a 61 37 0 8 7
a 61 10 0 36 5
a 63 78 0 125 4
a 63 44 0 17 4
a 64 89 0 125 5
a 64 18 0 35 8
a 64 75 0 11 10
a 64 34 0 29 1
a 67 33 0 125 1
a 67 69 0 42 5
a 67 17 0 21 3
a 70 14 0 125 6
a 70 59 0 46 4
a 70 47 0 36 9
a 72 19 0 125 10
a 72 55 0 34 7
a 74 15 0 125 2
a 74 61 0 34 10
a 78 64 0 125 10
a 78 22 0 30 8
a 78 29 0 2 3
a 79 52 0 125 8
a 79 66 0 14 9
a 81 46 0 125 3
a 81 33 0 50 5
a 83 61 0 125 2
a 83 41 0 37 4
a 86 74 0 125 3
a 86 52 0 40 4
a 87 86 0 125 4
a 87 62 0 12 6
a 89 22 0 125 9
a 89 85 0 43 8
a 90 40 0 125 9
a 90 16 0 46 7
a 90 59 0 41 5
a 93 99 0 125 2
a 93 17 0 125 8
a 93 81 0 16 6
a 93 59 0 26 8
a 94 11 0 125 3
a 94 82 0 7 8
a 96 79 0 125 7
a 96 57 0 25 2
a 97 48 0 125 1
a 97 86 0 30 3
a 97 23 0 19 3
a 2 42 0 125 1
a 2 79 0 35 8
a 2 77 0 45 9
a 3 84 0 125 3
a 3 100 0 48 7
a 3 96 0 23 4
a 4 30 0 125 5
a 4 31 0 5 5
a 4 67 0 50 9
a 6 75 0 125 1
a 6 77 0 31 4
a 8 28 0 125 4
a 8 30 0 49 8
a 8 71 0 12 3
a 18 62 0 125 3
a 18 78 0 33 10
a 18 20 0 26 4
a 20 4 0 125 2
a 20 38 0 11 4
a 20 71 0 43 2
a 21 34 0 125 7
a 21 20 0 2 4
a 21 29 0 42 3
a 23 60 0 125 5
a 23 84 0 32 8
a 24 3 0 125 5
a 24 30 0 46 8
a 24 4 0 12 8
a 27 54 0 125 10
a 27 73 0 38 4
a 28 85 0 125 6
a 28 72 0 38 6
a 28 56 0 47 1
a 30 27 0 125 9
a 30 92 0 1 9
a 32 53 0 125 7
a 32 40 0 22 5
a 32 12 0 12 4
a 34 23 0 125 6
a 34 83 0 48 6
a 34 74 0 17 8
a 35 6 0 125 3
a 35 99 0 125 8
a 35 9 0 15 2
a 36 45 0 125 1
a 36 82 0 48 4
a 38 95 0 125 8
a 38 11 0 3 7
a 38 28 0 3 5
a 42 35 0 125 4
a 42 53 0 39 8
a 44 68 0 125 8
a 44 30 0 48 4
a 45 57 0 125 8
a 45 74 0 24 2
a 45 80 0 40 2
a 47 18 0 125 4
a 47 91 0 41 6
a 50 66 0 125 6
a 50 31 0 22 5
a 50 80 0 30 5
a 53 44 0 125 9
a 53 25 0 46 5
a 54 91 0 125 9
a 54 43 0 3 6
a 54 44 0 41 4
a 57 100 0 125 4
a 57 21 0 19 1
a 58 92 0 125 6
a 58 41 0 21 7
a 60 47 0 125 7
a 60 79 0 5 8
a 60 12 0 50 3
a 62 98 0 125 4
a 62 90 0 8 4
a 65 88 0 125 5
a 65 26 0 22 6
a 65 78 0 12 8
a 66 73 0 125 8
a 66 47 0 3 3
a 68 58 0 125 6
a 68 43 0 49 1
a 69 20 0 125 8
a 69 67 0 36 8
a 69 19 0 43 10
a 71 36 0 125 9
a 71 78 0 40 7
a 71 44 0 6 1
a 73 24 0 125 3
a 73 87 0 20 8
a 75 21 0 125 4
a 75 14 0 22 1
a 75 19 0 34 4
a 76 8 0 125 7
a 76 23 0 34 5
a 77 38 0 125 6
a 77 26 0 37 7
a 77 73 0 23 2
a 80 76 0 125 2
a 80 32 0 16 1
a 82 50 0 125 8
a 82 25 0 33 8
a 84 69 0 125 4
a 84 61 0 24 7
a 84 4 0 50 8
a 85 71 0 125 6
a 85 23 0 17 5
a 85 10 0 43 7
a 88 32 0 125 9
a 88 63 0 8 10
a 91 77 0 125 8
a 91 81 0 11 3
a 92 82 0 125 8
a 92 46 0 28 8
a 95 80 0 125 3
a 95 15 0 38 2
a 98 65 0 125 4
a 98 81 0 11 5
