c PyNETGEN v1.0.0
c $ pip install pynetgen
c
c  NETGEN flow network generation algorithm
c  Problem input parameters
c  -------------------------------------
c   Random seed:          92
c   Number of nodes:      100
c   Source nodes:         2
c   Sink nodes:           2
c   Number of arcs:       251
c   Minimum arc cost:     1
c   Maximum arc cost:     10
c   Total supply:         250
c   Transshipment -
c     Sources:            0
c     Sinks:              0
c   Skeleton arcs -
c     With max cost:      0
c     Capacitated:        100
c   Minimum arc capacity: 1
c   Maximum arc capacity: 50
c
c  *** Minimum cost flow ***
c
p min 100 251
n 1 176
n 2 74
n 99 -36
n 100 -214
a 1 23 0 176 1
a 1 83 0 6 8
a 1 14 0 32 2
a 5 88 0 176 2
a 5 14 0 8 8
a 5 48 0 29 2
a 8 38 0 176 7
a 8 100 0 33 8
a 8 4 0 47 4
a 8 89 0 19 10
a 9 75 0 176 8
a 9 96 0 8 5
a 10 45 0 176 9
a 10 19 0 27 4
a 11 51 0 176 10
a 11 90 0 36 5
a 11 34 0 42 8
a 11 29 0 17 4
a 13 76 0 176 7
a 13 41 0 42 9
a 13 97 0 12 4
a 20 40 0 176 4
a 20 60 0 44 10
a 20 79 0 40 5
a 20 92 0 16 9
a 22 46 0 176 9
a 22 10 0 30 3
a 22 98 0 7 7
a 23 5 0 176 3
a 23 39 0 26 8
a 23 76 0 26 2
a 24 9 0 176 8
a 24 11 0 15 6
a 26 77 0 176 10
a 26 58 0 3 9
a 27 99 0 176 7
a 27 58 0 38 2
a 34 24 0 176 3
a 34 15 0 44 7
a 34 96 0 1 8
a 34 3 0 21 1
a 35 26 0 176 7
a 35 62 0 9 6
a 36 67 0 176 8
a 36 48 0 21 7
a 36 11 0 8 9
a 38 47 0 176 6
a 38 4 0 33 4
a 38 7 0 2 4
a 40 79 0 176 7
a 40 86 0 38 9
a 41 35 0 176 9
a 41 46 0 16 5
a 41 7 0 40 4
a 42 87 0 176 7
a 42 78 0 6 10
a 42 50 0 29 4
a 43 52 0 176 8
a 43 76 0 50 8
a 43 91 0 46 8
a 45 64 0 176 3
a 45 65 0 10 10
a 46 58 0 176 10
a 46 18 0 39 8
a 46 57 0 12 3
a 47 10 0 176 1
a 47 96 0 43 4
a 47 83 0 41 10
a 48 94 0 176 9
a 48 77 0 45 1
a 48 47 0 29 3
a 49 62 0 176 4
a 49 13 0 43 6
a 51 41 0 176 3
a 51 38 0 26 2
a 51 81 0 46 6
a 52 80 0 176 3
a 52 94 0 46 2
a 52 60 0 37 8
a 58 42 0 176 5
a 58 21 0 3 5
a 58 87 0 46 6
a 62 81 0 176 3
a 62 50 0 17 10
a 63 11 0 176 8
a 63 70 0 2 9
a 63 27 0 18 4
a 64 43 0 176 10
a 64 81 0 33 6
a 65 98 0 176 7
a 65 72 0 20 8
a 67 34 0 176 5
a 67 17 0 20 7
a 67 55 0 28 1
a 75 95 0 176 8
a 75 72 0 31 4
a 76 49 0 176 7
a 76 17 0 5 9
a 76 79 0 4 8
a 77 22 0 176 8
a 77 97 0 43 1
a 77 71 0 8 2
a 79 36 0 176 7
a 79 100 0 42 7
a 80 27 0 176 8
a 80 37 0 23 4
a 81 65 0 176 8
a 81 48 0 16 9
a 87 8 0 176 8
a 87 28 0 32 6
a 87 83 0 20 4
a 88 48 0 176 6
a 88 13 0 24 3
a 94 20 0 176 9
a 94 4 0 24 3
a 95 13 0 176 9
a 95 49 0 36 7
a 98 63 0 176 7
a 98 100 0 176 10
a 98 80 0 3 6
a 2 44 0 74 8
a 2 81 0 25 8
a 3 56 0 74 2
a 3 28 0 35 4
a 3 6 0 38 9
a 4 33 0 74 5
a 4 75 0 31 6
a 4 54 0 36 8
a 6 96 0 74 7
a 6 32 0 24 8
a 7 61 0 74 9
a 7 92 0 50 8
a 7 97 0 11 7
a 12 30 0 74 2
a 12 71 0 11 2
a 12 84 0 32 7
a 14 21 0 74 6
a 14 29 0 9 8
a 14 19 0 39 9
a 15 59 0 74 8
a 15 70 0 49 3
a 16 89 0 74 6
a 16 100 0 74 6
a 16 88 0 45 8
a 17 55 0 74 2
a 17 61 0 1 2
a 17 30 0 29 1
a 18 15 0 74 5
a 18 66 0 48 4
a 18 22 0 44 6
a 19 73 0 74 1
a 19 54 0 15 2
a 19 27 0 45 8
a 21 70 0 74 2
a 21 4 0 45 5
a 25 83 0 74 6
a 25 45 0 9 1
a 25 78 0 30 8
a 28 97 0 74 4
a 28 11 0 17 7
a 28 53 0 27 10
a 29 54 0 74 6
a 29 6 0 38 8
a 30 53 0 74 1
a 30 38 0 25 4
a 31 28 0 74 1
a 31 37 0 18 9
a 32 84 0 74 3
a 32 56 0 36 7
a 33 92 0 74 1
a 33 84 0 7 5
a 37 7 0 74 2
a 37 98 0 14 4
a 37 60 0 18 1
a 39 17 0 74 6
a 39 40 0 46 3
a 39 13 0 45 10
a 44 25 0 74 5
a 44 29 0 24 1
a 44 26 0 50 3
a 50 6 0 74 9
a 50 39 0 36 6
a 50 27 0 4 2
a 53 93 0 74 7
a 53 31 0 37 1
a 53 32 0 44 10
a 54 91 0 74 2
a 54 42 0 49 8
a 55 68 0 74 2
a 55 60 0 4 2
a 55 37 0 25 1
a 56 74 0 74 9
a 56 29 0 10 6
a 57 60 0 74 2
a 57 75 0 26 5
a 59 39 0 74 5
a 59 77 0 1 1
a 60 4 0 74 10
a 60 65 0 2 9
a 61 85 0 74 10
a 61 86 0 47 1
a 66 29 0 74 7
a 66 53 0 22 9
a 66 27 0 41 10
a 68 82 0 74 8
a 68 65 0 13 7
a 69 19 0 74 9
a 69 21 0 12 7
a 69 11 0 16 5
a 70 31 0 74 5
a 70 36 0 30 8
a 71 72 0 74 1
a 71 46 0 44 3
a 72 3 0 74 4
a 72 17 0 43 9
a 72 88 0 37 9
a 73 66 0 74 9
a 73 93 0 3 3
a 74 86 0 74 3
a 74 43 0 15 9
a 74 24 0 16 6
a 78 99 0 74 7
a 78 34 0 3 2
a 78 96 0 38 8
a 82 71 0 74 1
a 82 3 0 3 1
a 83 32 0 74 5
a 83 92 0 5 5
a 83 95 0 50 6
a 84 57 0 74 7
a 84 49 0 16 6
a 85 69 0 74 5
a 85 44 0 14 7
a 85 19 0 21 3
a 86 14 0 74 5
a 86 81 0 26 8
a 86 11 0 35 5
a 89 37 0 74 5
a 89 41 0 12 4
a 90 50 0 74 2
a 90 10 0 2 10
a 91 90 0 74 5
a 91 30 0 48 2
a 92 12 0 74 1
a 92 84 0 40 3
a 93 18 0 74 1
a 93 32 0 47 7
a 96 78 0 74 2
a 96 85 0 33 7
a 97 16 0 74 9
a 97 35 0 4 7
