c PyNETGEN v1.0.0
c $ pip install pynetgen
c
c  NETGEN flow network generation algorithm
c  Problem input parameters
c  -------------------------------------
c   Random seed:          70
c   Number of nodes:      100
c   Source nodes:         2
c   Sink nodes:           2
c   Number of arcs:       251
c   Minimum arc cost:     1
c   Maximum arc cost:     10
c   Total supply:         250
c   Transshipment -
c     Sources:            0
c     Sinks:              0
c   Skeleton arcs -
c     With max cost:      0
c     Capacitated:        100
c   Minimum arc capacity: 1
c   Maximum arc capacity: 50
c
c  *** Minimum cost flow ***
c
p min 100 251
n 1 149
n 2 101
n 99 -123
n 100 -127
a 1 98 0 149 7
a 1 85 0 47 3
a 3 62 0 149 10
a 3 23 0 42 3
a 3 7 0 38 8
a 4 23 0 149 8
a 4 93 0 43 6
a 4 26 0 23 4
a 4 40 0 9 6
a 5 15 0 149 2
a 5 16 0 27 6
a 5 52 0 7 7
a 6 86 0 149 1
a 6 28 0 18 9
a 8 89 0 149 2
a 8 90 0 31 4
a 8 69 0 21 1
a 8 66 0 24 4
a 9 3 0 149 7
a 9 16 0 19 2
a 9 25 0 21 7
a 9 69 0 44 8
a 10 11 0 149 7
a 10 66 0 47 9
a 10 76 0 28 1
a 10 25 0 31 1
a 11 74 0 149 7
a 11 4 0 13 5
a 11 57 0 49 6
a 13 35 0 149 3
a 13 48 0 39 9
a 15 50 0 149 5
a 15 9 0 38 8
a 15 29 0 20 5
a 16 100 0 149 8
a 16 90 0 2 4
a 16 5 0 39 2
a 18 10 0 149 5
a 18 19 0 39 3
a 18 7 0 46 7
a 19 37 0 149 10
a 19 41 0 30 8
a 23 6 0 149 10
a 23 14 0 14 7
a 27 68 0 149 4
a 27 34 0 35 6
a 27 82 0 10 2
a 28 81 0 149 6
a 28 67 0 6 4
a 28 49 0 47 6
a 32 94 0 149 9
a 32 86 0 38 1
a 35 5 0 149 2
a 35 81 0 48 6
a 36 51 0 149 5
a 36 72 0 5 4
a 36 34 0 44 8
a 37 85 0 149 1
a 37 55 0 48 7
a 39 16 0 149 3
a 39 56 0 23 7
a 39 96 0 21 9
a 41 83 0 149 2
a 41 77 0 19 8
a 41 39 0 32 9
a 44 70 0 149 1
a 44 21 0 16 10
a 44 83 0 21 1
a 45 65 0 149 7
a 45 51 0 21 5
a 46 71 0 149 2
a 46 37 0 22 1
a 46 41 0 29 3
a 48 32 0 149 2
a 48 55 0 35 10
a 48 5 0 27 5
a 50 57 0 149 3
a 50 39 0 12 8
a 51 60 0 149 2
a 51 79 0 25 9
a 51 47 0 42 5
a 52 48 0 149 4
a 52 6 0 29 5
a 56 36 0 149 7
a 56 99 0 149 10
a 56 29 0 10 3
a 56 58 0 12 7
a 57 95 0 149 6
a 57 79 0 49 6
a 57 93 0 4 7
a 60 9 0 149 9
a 60 52 0 30 10
a 61 13 0 149 1
a 61 90 0 29 3
a 62 61 0 149 5
a 62 48 0 27 3
a 65 93 0 149 6
a 65 30 0 45 9
a 65 47 0 22 5
a 67 39 0 149 7
a 67 93 0 40 5
a 67 79 0 16 7
a 68 46 0 149 4
a 68 29 0 48 10
a 70 41 0 149 6
a 70 62 0 11 2
a 71 19 0 149 9
a 71 34 0 6 3
a 71 91 0 9 8
a 73 78 0 149 8
a 73 95 0 47 3
a 73 76 0 6 2
a 74 56 0 149 10
a 74 66 0 7 1
a 78 18 0 149 9
a 78 98 0 49 5
a 78 97 0 35 8
a 81 52 0 149 9
a 81 15 0 25 4
a 83 27 0 149 7
a 83 96 0 20 9
a 85 4 0 149 5
a 85 9 0 31 4
a 85 45 0 33 7
a 86 45 0 149 2
a 86 37 0 9 2
a 86 44 0 13 2
a 89 44 0 149 4
a 89 92 0 32 4
a 89 53 0 30 9
a 93 73 0 149 8
a 93 54 0 14 4
a 94 97 0 149 10
a 94 98 0 33 6
a 94 53 0 45 3
a 95 28 0 149 9
a 95 33 0 11 8
a 97 67 0 149 9
a 97 45 0 9 3
a 98 8 0 149 1
a 98 27 0 27 10
a 2 17 0 101 3
a 2 86 0 15 5
a 2 81 0 18 2
a 7 82 0 101 8
a 7 59 0 29 5
a 7 94 0 23 2
a 12 29 0 101 9
a 12 95 0 46 1
a 14 88 0 101 1
a 14 26 0 45 8
a 14 62 0 12 10
a 17 77 0 101 3
a 17 37 0 20 10
a 20 24 0 101 3
a 20 41 0 23 6
a 21 92 0 101 4
a 21 17 0 49 4
a 22 33 0 101 6
a 22 13 0 37 3
a 22 29 0 24 1
a 24 43 0 101 9
a 24 60 0 4 2
a 25 79 0 101 6
a 25 23 0 34 10
a 25 39 0 11 4
a 26 22 0 101 4
a 26 51 0 48 9
a 26 87 0 9 4
a 29 53 0 101 7
a 29 57 0 49 9
a 29 54 0 36 1
a 30 12 0 101 9
a 30 73 0 32 10
a 30 70 0 26 1
a 31 49 0 101 10
a 31 73 0 36 4
a 31 55 0 36 5
a 33 25 0 101 2
a 33 76 0 20 10
a 34 64 0 101 1
a 34 74 0 27 1
a 38 58 0 101 8
a 38 100 0 101 8
a 38 70 0 11 10
a 38 92 0 46 6
a 40 34 0 101 2
a 40 89 0 11 9
a 40 93 0 1 7
a 42 54 0 101 9
a 42 87 0 21 5
a 43 7 0 101 10
a 43 75 0 27 9
a 47 69 0 101 8
a 47 16 0 49 1
a 49 76 0 101 7
a 49 32 0 3 8
a 53 55 0 101 5
a 53 79 0 6 4
a 54 20 0 101 10
a 54 63 0 4 4
a 55 90 0 101 8
a 55 51 0 41 9
a 55 47 0 23 10
a 58 14 0 101 8
a 58 33 0 15 9
a 59 26 0 101 3
a 59 85 0 21 1
a 59 77 0 39 5
a 63 72 0 101 2
a 63 31 0 12 6
a 63 57 0 16 4
a 64 38 0 101 7
a 64 10 0 7 10
a 64 49 0 22 1
a 66 75 0 101 1
a 66 87 0 41 7
a 66 45 0 26 9
a 69 59 0 101 7
a 69 49 0 19 7
a 69 5 0 17 5
a 72 31 0 101 7
a 72 36 0 50 8
a 75 91 0 101 9
a 75 82 0 41 6
a 75 8 0 10 2
a 76 21 0 101 8
a 76 92 0 26 6
a 76 16 0 40 9
a 77 42 0 101 2
a 77 32 0 41 6
a 79 99 0 101 4
a 79 76 0 13 1
a 80 40 0 101 3
a 80 70 0 36 9
a 82 87 0 101 1
a 82 59 0 35 6
a 84 66 0 101 5
a 84 42 0 38 7
a 87 63 0 101 8
a 87 35 0 27 6
a 88 47 0 101 10
a 88 31 0 28 9
a 90 96 0 101 10
a 90 17 0 40 10
a 91 80 0 101 5
a 91 35 0 37 6
a 92 30 0 101 6
a 92 28 0 23 2
a 96 84 0 101 4
a 96 92 0 16 3
