c PyNETGEN v1.0.0
c $ pip install pynetgen
c
c  NETGEN flow network generation algorithm
c  Problem input parameters
c  -------------------------------------
c   Random seed:          85
c   Number of nodes:      100
c   Source nodes:         2
c   Sink nodes:           2
c   Number of arcs:       251
c   Minimum arc cost:     1
c   Maximum arc cost:     10
c   Total supply:         250
c   Transshipment -
c     Sources:            0
c     Sinks:              0
c   Skeleton arcs -
c     With max cost:      0
c     Capacitated:        100
c   Minimum arc capacity: 1
c   Maximum arc capacity: 50
c
c  *** Minimum cost flow ***
c
p min 100 251
n 1 202
n 2 48
n 99 -149
n 100 -101
a 1 29 0 202 8
a 1 33 0 22 5
a 1 95 0 32 5
a 5 34 0 202 5
a 5 69 0 9 7
a 6 22 0 202 4
a 6 59 0 9 4
a 7 36 0 202 4
a 7 30 0 25 3
a 7 96 0 32 7
a 8 54 0 202 1
a 8 26 0 18 8
a 8 24 0 27 1
a 9 90 0 202 10
a 9 40 0 21 5
a 9 28 0 3 8
a 9 86 0 40 6
a 16 98 0 202 5
a 16 50 0 43 6
a 16 80 0 9 7
a 16 84 0 40 6
a 18 19 0 202 10
a 18 16 0 34 5
a 19 69 0 202 3
a 19 17 0 13 10
a 19 64 0 41 1
a 20 78 0 202 7
a 20 45 0 37 4
a 20 39 0 40 9
a 21 92 0 202 5
a 21 31 0 36 6
a 21 44 0 15 8
a 22 100 0 202 6
a 22 5 0 202 1
a 22 24 0 43 4
a 24 37 0 202 1
a 24 47 0 19 3
a 24 7 0 30 3
a 24 66 0 30 9
a 25 7 0 202 1
a 25 16 0 8 8
a 25 53 0 8 5
a 29 35 0 202 5
a 29 76 0 37 2
a 29 6 0 3 4
a 30 16 0 202 9
a 30 49 0 2 1
a 30 36 0 19 9
a 33 99 0 202 2
a 33 26 0 21 8
a 34 24 0 202 3
a 34 71 0 4 10
a 35 91 0 202 3
a 35 51 0 24 5
a 35 46 0 30 2
a 36 33 0 202 9
a 36 54 0 29 10
a 36 86 0 12 8
a 37 76 0 202 3
a 37 52 0 36 7
a 43 20 0 202 9
a 43 21 0 11 8
a 43 73 0 4 10
a 49 30 0 202 10
a 49 64 0 35 3
a 49 21 0 34 1
a 51 21 0 202 6
a 51 96 0 25 4
a 53 77 0 202 1
a 53 96 0 37 3
a 54 97 0 202 3
a 54 20 0 50 9
a 56 51 0 202 2
a 56 83 0 42 2
a 57 56 0 202 1
a 57 76 0 42 4
a 61 9 0 202 9
a 61 77 0 37 9
a 61 52 0 14 1
a 62 53 0 202 10
a 62 84 0 27 3
a 62 36 0 13 6
a 67 62 0 202 10
a 67 29 0 37 2
a 67 63 0 11 8
a 68 49 0 202 6
a 68 59 0 32 3
a 69 25 0 202 10
a 69 85 0 4 3
a 69 72 0 28 5
a 70 61 0 202 9
a 70 52 0 7 7
a 72 89 0 202 9
a 72 54 0 18 6
a 72 13 0 25 8
a 76 67 0 202 5
a 76 87 0 48 2
a 77 8 0 202 1
a 77 91 0 25 9
a 77 12 0 27 1
a 78 72 0 202 3
a 78 31 0 48 4
a 83 6 0 202 5
a 83 11 0 36 6
a 86 43 0 202 5
a 86 45 0 35 1
a 88 83 0 202 7
a 88 84 0 47 4
a 89 18 0 202 9
a 89 58 0 9 7
a 89 29 0 14 1
a 90 93 0 202 10
a 90 73 0 30 10
a 90 83 0 35 5
a 91 96 0 202 3
a 91 54 0 37 8
a 91 74 0 32 1
a 92 86 0 202 8
a 92 68 0 35 7
a 93 57 0 202 7
a 93 52 0 10 8
a 93 48 0 43 10
a 96 68 0 202 5
a 96 39 0 38 3
a 96 66 0 38 9
a 97 70 0 202 6
a 97 82 0 33 8
a 98 88 0 202 4
a 98 77 0 42 7
a 98 97 0 44 7
a 2 63 0 48 8
a 2 29 0 30 3
a 2 52 0 46 10
a 3 95 0 48 3
a 3 64 0 15 5
a 3 19 0 9 10
a 4 12 0 48 9
a 4 16 0 2 2
a 10 31 0 48 2
a 10 81 0 22 1
a 10 16 0 4 6
a 11 41 0 48 1
a 11 86 0 13 8
a 11 37 0 16 1
a 12 71 0 48 5
a 12 97 0 26 1
a 12 29 0 25 2
a 13 32 0 48 8
a 13 99 0 21 6
a 14 11 0 48 7
a 14 91 0 16 1
a 15 14 0 48 8
a 15 40 0 33 6
a 15 27 0 35 8
a 17 48 0 48 2
a 17 38 0 34 4
a 23 75 0 48 10
a 23 46 0 32 1
a 26 87 0 48 1
a 26 46 0 29 5
a 26 6 0 38 10
a 27 55 0 48 8
a 27 74 0 13 10
a 28 39 0 48 3
a 28 64 0 48 5
a 31 64 0 48 4
a 31 62 0 13 1
a 32 45 0 48 6
a 32 15 0 3 8
a 32 71 0 14 3
a 38 3 0 48 2
a 38 88 0 4 7
a 38 14 0 11 10
a 39 27 0 48 2
a 39 57 0 32 4
a 39 48 0 24 5
a 40 66 0 48 3
a 40 49 0 4 7
a 41 4 0 48 4
a 41 15 0 39 10
a 41 50 0 48 4
a 42 38 0 48 9
a 42 6 0 43 3
a 42 31 0 18 7
a 44 94 0 48 1
a 44 61 0 2 2
a 44 38 0 25 5
a 45 58 0 48 4
a 45 12 0 34 1
a 46 26 0 48 10
a 46 57 0 46 1
a 47 81 0 48 5
a 47 23 0 4 1
a 48 13 0 48 8
a 48 31 0 14 4
a 48 58 0 24 8
a 50 59 0 48 10
a 50 83 0 3 1
a 52 10 0 48 6
a 52 18 0 1 8
a 55 47 0 48 6
a 55 98 0 35 4
a 55 23 0 31 5
a 58 28 0 48 9
a 58 98 0 29 1
a 58 88 0 24 2
a 59 44 0 48 6
a 59 99 0 42 5
a 59 79 0 23 1
a 60 82 0 48 10
a 60 85 0 23 4
a 63 46 0 48 6
a 63 62 0 14 10
a 64 15 0 48 7
a 64 97 0 38 9
a 64 82 0 7 5
a 65 40 0 48 7
a 65 63 0 29 5
a 65 8 0 35 2
a 66 74 0 48 9
a 66 29 0 5 4
a 66 7 0 29 5
a 71 79 0 48 5
a 71 88 0 36 6
a 71 41 0 45 1
a 73 84 0 48 4
a 73 76 0 6 6
a 73 34 0 32 8
a 74 50 0 48 4
a 74 33 0 11 1
a 75 73 0 48 6
a 75 98 0 25 6
a 75 43 0 24 4
a 79 65 0 48 10
a 79 41 0 7 3
a 80 42 0 48 8
a 80 97 0 42 7
a 81 80 0 48 8
a 81 61 0 20 1
a 82 52 0 48 6
a 82 9 0 5 3
a 84 85 0 48 7
a 84 100 0 2 2
a 85 99 0 48 2
a 85 100 0 48 7
a 87 60 0 48 2
a 87 20 0 43 4
a 94 17 0 48 2
a 94 92 0 42 4
a 95 23 0 48 1
a 95 8 0 6 1
