c PyNETGEN v1.0.0
c $ pip install pynetgen
c
c  NETGEN flow network generation algorithm
c  Problem input parameters
c  -------------------------------------
c   Random seed:          21
c   Number of nodes:      100
c   Source nodes:         2
c   Sink nodes:           2
c   Number of arcs:       251
c   Minimum arc cost:     1
c   Maximum arc cost:     10
c   Total supply:         250
c   Transshipment -
c     Sources:            0
c     Sinks:              0
c   Skeleton arcs -
c     With max cost:      0
c     Capacitated:        100
c   Minimum arc capacity: 1
c   Maximum arc capacity: 50
c
c  *** Minimum cost flow ***
c
p min 100 251
n 1 73
n 2 177
n 99 -137
n 100 -113
a 1 47 0 73 10
a 1 89 0 3 3
a 1 54 0 45 5
a 3 94 0 73 8
a 3 34 0 45 1
a 3 63 0 3 9
a 3 12 0 28 2
a 5 42 0 73 2
a 5 73 0 11 7
a 8 59 0 73 9
a 8 100 0 73 5
a 8 63 0 17 1
a 9 99 0 73 1
a 9 77 0 38 9
a 10 88 0 73 4
a 10 100 0 12 10
a 10 75 0 6 7
a 11 80 0 73 10
a 11 73 0 12 3
a 12 38 0 73 10
a 12 66 0 29 7
a 12 18 0 21 3
a 17 74 0 73 3
a 17 51 0 33 3
a 18 40 0 73 5
a 18 92 0 38 5
a 18 37 0 33 10
a 20 12 0 73 4
a 20 10 0 27 3
a 20 24 0 23 7
a 20 89 0 20 5
a 21 5 0 73 2
a 21 99 0 33 5
a 21 85 0 3 7
a 22 63 0 73 3
a 22 90 0 39 1
a 22 11 0 9 10
a 26 31 0 73 2
a 26 61 0 50 3
a 26 35 0 11 3
a 27 86 0 73 5
a 27 32 0 33 7
a 27 21 0 41 9
a 27 31 0 11 9
a 29 21 0 73 6
a 29 25 0 26 5
a 29 80 0 12 6
a 30 3 0 73 4
a 30 33 0 23 6
a 31 30 0 73 6
a 31 46 0 25 4
a 31 94 0 47 5
a 36 8 0 73 7
a 36 82 0 43 3
a 37 81 0 73 5
a 37 16 0 15 6
a 38 78 0 73 6
a 38 16 0 8 1
a 38 26 0 6 3
a 40 9 0 73 2
a 40 12 0 25 2
a 41 11 0 73 7
a 41 36 0 43 7
a 42 91 0 73 2
a 42 16 0 25 5
a 47 79 0 73 2
a 47 28 0 27 9
a 50 26 0 73 1
a 50 71 0 49 4
a 52 10 0 73 10
a 52 32 0 50 4
a 54 18 0 73 1
a 54 22 0 24 2
a 54 45 0 39 1
a 56 17 0 73 7
a 56 95 0 18 7
a 56 77 0 14 5
a 59 92 0 73 8
a 59 93 0 16 6
a 59 3 0 45 7
a 61 41 0 73 8
a 61 81 0 42 2
a 61 71 0 26 2
a 62 96 0 73 5
a 62 90 0 18 4
a 62 49 0 9 9
a 63 50 0 73 9
a 63 18 0 32 2
a 63 76 0 8 4
a 65 67 0 73 1
a 65 63 0 30 5
a 67 20 0 73 10
a 67 43 0 39 8
a 74 75 0 73 2
a 74 82 0 26 2
a 75 89 0 73 7
a 75 42 0 14 2
a 75 91 0 43 9
a 75 13 0 27 3
a 77 52 0 73 6
a 77 39 0 10 9
a 78 98 0 73 4
a 78 44 0 48 9
a 79 36 0 73 3
a 79 83 0 41 3
a 80 85 0 73 4
a 80 31 0 3 2
a 80 14 0 16 1
a 81 22 0 73 6
a 81 46 0 22 10
a 81 43 0 33 1
a 85 37 0 73 1
a 85 53 0 6 6
a 86 65 0 73 6
a 86 75 0 25 7
a 88 56 0 73 3
a 88 22 0 35 3
a 88 83 0 11 1
a 89 29 0 73 2
a 89 52 0 49 5
a 91 62 0 73 4
a 91 83 0 39 5
a 91 40 0 20 4
a 91 94 0 15 7
a 92 27 0 73 10
a 92 91 0 21 1
a 92 73 0 19 1
a 94 54 0 73 5
a 94 22 0 15 8
a 94 68 0 30 10
a 96 61 0 73 2
a 96 5 0 44 6
a 98 77 0 73 8
a 98 56 0 5 9
a 98 37 0 43 5
a 2 48 0 177 7
a 2 28 0 19 1
a 2 12 0 22 9
a 4 84 0 177 2
a 4 78 0 50 6
a 6 87 0 177 3
a 6 19 0 50 3
a 6 51 0 34 4
a 7 71 0 177 4
a 7 14 0 33 3
a 13 46 0 177 2
a 13 59 0 42 9
a 13 52 0 25 4
a 14 35 0 177 3
a 14 91 0 19 3
a 14 80 0 8 10
a 15 58 0 177 9
a 15 66 0 39 1
a 16 95 0 177 9
a 16 98 0 33 6
a 19 15 0 177 7
a 19 11 0 4 8
a 19 5 0 43 10
a 23 28 0 177 1
a 23 43 0 15 6
a 23 12 0 37 6
a 24 68 0 177 2
a 24 100 0 177 5
a 24 9 0 7 1
a 24 91 0 31 10
a 25 43 0 177 9
a 25 59 0 29 9
a 25 72 0 10 3
a 28 45 0 177 10
a 28 31 0 28 6
a 32 90 0 177 10
a 32 16 0 6 5
a 33 60 0 177 2
a 33 63 0 13 5
a 34 16 0 177 9
a 34 59 0 11 1
a 35 51 0 177 6
a 35 37 0 49 5
a 39 14 0 177 6
a 39 26 0 15 7
a 43 55 0 177 7
a 43 83 0 15 2
a 44 69 0 177 8
a 44 16 0 23 8
a 45 24 0 177 4
a 45 91 0 48 9
a 46 7 0 177 3
a 46 81 0 29 10
a 46 61 0 46 5
a 48 34 0 177 4
a 48 5 0 42 3
a 49 73 0 177 2
a 49 20 0 22 1
a 49 97 0 8 8
a 51 32 0 177 3
a 51 22 0 27 10
a 51 44 0 36 1
a 53 83 0 177 6
a 53 15 0 6 10
a 55 97 0 177 9
a 55 52 0 41 6
a 55 6 0 37 3
a 57 53 0 177 3
a 57 10 0 27 7
a 58 6 0 177 2
a 58 22 0 19 3
a 60 93 0 177 8
a 60 72 0 17 6
a 60 64 0 35 4
a 64 13 0 177 1
a 64 84 0 4 9
a 64 70 0 49 10
a 66 19 0 177 5
a 66 74 0 11 10
a 66 37 0 42 4
a 68 76 0 177 4
a 68 5 0 28 7
a 68 95 0 22 6
a 69 64 0 177 5
a 69 86 0 24 1
a 70 4 0 177 9
a 70 91 0 5 10
a 71 57 0 177 6
a 71 53 0 49 10
a 72 82 0 177 3
a 72 3 0 24 9
a 73 25 0 177 6
a 73 13 0 2 4
a 73 17 0 5 4
a 76 39 0 177 4
a 76 34 0 28 4
a 76 35 0 50 7
a 82 23 0 177 4
a 82 17 0 34 10
a 82 14 0 25 4
a 83 49 0 177 10
a 83 39 0 5 3
a 83 27 0 7 1
a 84 33 0 177 10
a 84 87 0 27 5
a 84 22 0 22 10
a 87 44 0 177 7
a 87 93 0 2 5
a 90 70 0 177 9
a 90 85 0 3 2
a 93 99 0 177 7
a 93 60 0 30 8
a 95 66 0 177 5
a 95 39 0 32 9
a 97 72 0 177 4
a 97 75 0 24 7
