c PyNETGEN v1.0.0
c $ pip install pynetgen
c
c  NETGEN flow network generation algorithm
c  Problem input parameters
c  -------------------------------------
c   Random seed:          47
c   Number of nodes:      100
c   Source nodes:         2
c   Sink nodes:           2
c   Number of arcs:       251
c   Minimum arc cost:     1
c   Maximum arc cost:     10
c   Total supply:         250
c   Transshipment -
c     Sources:            0
c     Sinks:              0
c   Skeleton arcs -
c     With max cost:      0
c     Capacitated:        100
c   Minimum arc capacity: 1
c   Maximum arc capacity: 50
c
c  *** Minimum cost flow ***
c
p min 100 251
n 1 55
n 2 195
n 99 -49
n 100 -201
a 1 69 0 55 8
a 1 49 0 34 9
a 1 46 0 23 4
a 1 67 0 16 8
a 8 36 0 55 1
a 8 34 0 41 2
a 8 79 0 28 2
a 9 97 0 55 10
a 9 59 0 49 3
a 10 92 0 55 6
a 10 16 0 35 6
a 10 39 0 31 2
a 10 66 0 24 9
a 11 72 0 55 5
a 11 97 0 3 4
a 11 75 0 23 3
a 11 27 0 35 7
a 12 20 0 55 10
a 12 71 0 29 2
a 13 41 0 55 2
a 13 98 0 5 4
a 13 99 0 49 2
a 14 76 0 55 4
a 14 45 0 49 4
a 14 57 0 11 8
a 17 49 0 55 9
a 17 65 0 43 1
a 17 73 0 35 6
a 18 11 0 55 6
a 18 95 0 19 1
a 18 12 0 32 8
a 20 28 0 55 5
a 20 15 0 8 10
a 24 82 0 55 6
a 24 99 0 55 2
a 24 94 0 28 8
a 27 37 0 55 8
a 27 58 0 22 2
a 27 26 0 34 4
a 28 55 0 55 3
a 28 53 0 22 1
a 29 10 0 55 4
a 29 44 0 39 3
a 29 12 0 18 4
a 30 18 0 55 7
a 30 75 0 47 10
a 30 83 0 2 3
a 33 27 0 55 10
a 33 69 0 4 8
a 35 13 0 55 9
a 35 83 0 43 4
a 35 76 0 5 7
a 36 47 0 55 4
a 36 20 0 45 6
a 37 29 0 55 9
a 37 45 0 9 8
a 37 90 0 49 8
a 41 48 0 55 1
a 41 60 0 38 9
a 41 28 0 8 10
a 42 53 0 55 7
a 42 94 0 23 2
a 42 55 0 39 9
a 43 83 0 55 2
a 43 50 0 3 6
a 43 51 0 24 1
a 45 8 0 55 5
a 45 27 0 9 5
a 47 12 0 55 3
a 47 25 0 42 6
a 47 44 0 23 4
a 48 71 0 55 9
a 48 25 0 15 2
a 48 38 0 4 10
a 49 43 0 55 6
a 49 66 0 2 5
a 49 52 0 4 10
a 51 35 0 55 1
a 51 6 0 4 4
a 53 93 0 55 3
a 53 23 0 3 3
a 53 100 0 49 10
a 55 59 0 55 8
a 55 85 0 24 9
a 55 10 0 42 2
a 57 74 0 55 9
a 57 80 0 49 6
a 57 83 0 14 5
a 58 14 0 55 4
a 58 96 0 9 10
a 58 71 0 24 2
a 59 77 0 55 8
a 59 40 0 1 9
a 59 18 0 30 3
a 65 87 0 55 1
a 65 25 0 20 9
a 65 10 0 25 3
a 68 65 0 55 8
a 68 53 0 3 5
a 68 80 0 15 2
a 69 90 0 55 4
a 69 22 0 42 7
a 71 78 0 55 4
a 71 55 0 34 4
a 72 68 0 55 7
a 72 100 0 4 10
a 72 77 0 48 6
a 74 33 0 55 1
a 74 42 0 6 3
a 74 18 0 24 9
a 76 30 0 55 7
a 76 33 0 40 10
a 76 82 0 5 1
a 77 57 0 55 9
a 77 94 0 31 3
a 78 45 0 55 6
a 78 68 0 20 10
a 82 58 0 55 7
a 82 39 0 23 4
a 82 80 0 40 9
a 83 100 0 55 1
a 83 72 0 3 7
a 84 42 0 55 6
a 84 82 0 16 7
a 84 4 0 21 2
a 87 51 0 55 4
a 87 62 0 28 4
a 87 20 0 42 1
a 90 84 0 55 8
a 90 6 0 47 3
a 92 17 0 55 4
a 92 72 0 31 4
a 93 98 0 55 9
a 93 34 0 9 7
a 97 24 0 55 5
a 97 76 0 33 8
a 98 9 0 55 3
a 98 41 0 12 10
a 98 66 0 26 10
a 2 7 0 195 7
a 2 79 0 19 10
a 2 95 0 16 7
a 3 81 0 195 4
a 3 64 0 27 5
a 4 5 0 195 9
a 4 90 0 17 5
a 4 17 0 18 9
a 5 22 0 195 5
a 5 69 0 2 8
a 6 19 0 195 9
a 6 35 0 23 3
a 7 25 0 195 10
a 7 42 0 18 4
a 15 70 0 195 6
a 15 33 0 18 9
a 15 95 0 2 2
a 16 15 0 195 10
a 16 70 0 49 9
a 19 99 0 195 8
a 19 63 0 195 4
a 19 49 0 40 4
a 21 31 0 195 3
a 21 74 0 21 5
a 21 68 0 34 4
a 22 88 0 195 1
a 22 47 0 14 6
a 23 40 0 195 2
a 23 41 0 22 4
a 23 33 0 41 4
a 25 89 0 195 4
a 25 69 0 7 9
a 25 74 0 9 7
a 26 54 0 195 3
a 26 11 0 49 1
a 26 63 0 39 8
a 31 67 0 195 10
a 31 61 0 43 9
a 32 64 0 195 10
a 32 24 0 44 2
a 34 44 0 195 5
a 34 55 0 34 2
a 34 11 0 32 10
a 38 79 0 195 9
a 38 16 0 15 7
a 39 32 0 195 2
a 39 12 0 47 2
a 40 39 0 195 1
a 40 63 0 10 3
a 40 45 0 21 1
a 44 86 0 195 5
a 44 53 0 1 5
a 46 21 0 195 3
a 46 84 0 38 1
a 46 82 0 47 3
a 50 52 0 195 7
a 50 16 0 7 8
a 50 42 0 39 8
a 52 66 0 195 6
a 52 88 0 16 3
a 52 53 0 1 5
a 54 23 0 195 2
a 54 43 0 29 5
a 54 70 0 24 4
a 56 94 0 195 3
a 56 45 0 42 9
a 56 66 0 37 5
a 60 38 0 195 1
a 60 23 0 5 7
a 60 76 0 22 5
a 61 91 0 195 6
a 61 72 0 29 7
a 62 80 0 195 10
a 62 16 0 24 1
a 62 7 0 3 8
a 63 61 0 195 4
a 63 92 0 2 1
a 63 56 0 16 6
a 64 50 0 195 2
a 64 22 0 6 3
a 66 56 0 195 3
a 66 76 0 50 3
a 67 85 0 195 7
a 67 59 0 12 8
a 70 75 0 195 9
a 70 23 0 27 9
a 73 4 0 195 7
a 73 55 0 12 4
a 75 60 0 195 5
a 75 14 0 27 1
a 79 73 0 195 8
a 79 60 0 27 9
a 80 26 0 195 7
a 80 17 0 34 8
a 81 96 0 195 3
a 81 3 0 15 1
a 85 62 0 195 3
a 85 56 0 39 10
a 86 3 0 195 4
a 86 50 0 22 2
a 88 34 0 195 2
a 88 59 0 1 4
a 89 95 0 195 9
a 89 56 0 42 3
a 91 16 0 195 6
a 91 95 0 42 1
a 94 6 0 195 5
a 94 4 0 2 7
a 95 46 0 195 5
a 95 80 0 40 3
a 96 100 0 195 7
a 96 19 0 16 4
