c PyNETGEN v1.0.0
c $ pip install pynetgen
c
c  NETGEN flow network generation algorithm
c  Problem input parameters
c  -------------------------------------
c   Random seed:          5
c   Number of nodes:      100
c   Source nodes:         2
c   Sink nodes:           2
c   Number of arcs:       251
c   Minimum arc cost:     1
c   Maximum arc cost:     10
c   Total supply:         250
c   Transshipment -
c     Sources:            0
c     Sinks:              0
c   Skeleton arcs -
c     With max cost:      0
c     Capacitated:        100
c   Minimum arc capacity: 1
c   Maximum arc capacity: 50
c
c  *** Minimum cost flow ***
c
p min 100 251
n 1 111
n 2 139
n 99 -119
n 100 -131
a 1 12 0 111 7
a 1 6 0 24 5
a 1 45 0 35 3
a 3 87 0 111 9
a 3 34 0 7 1
a 6 8 0 111 1
a 6 100 0 21 4
a 6 68 0 25 2
a 6 15 0 23 8
a 7 71 0 111 10
a 7 81 0 27 7
a 7 48 0 35 7
a 8 81 0 111 2
a 8 67 0 3 3
a 8 61 0 12 2
a 8 59 0 22 8
a 9 69 0 111 3
a 9 24 0 15 6
a 10 100 0 111 2
a 10 3 0 111 2
a 10 14 0 18 3
a 10 58 0 21 2
a 10 63 0 32 9
a 11 51 0 111 2
a 11 67 0 14 3
a 11 24 0 15 1
a 12 36 0 111 5
a 12 10 0 15 9
a 15 64 0 111 8
a 15 89 0 25 4
a 15 22 0 29 8
a 16 67 0 111 4
a 16 79 0 30 7
a 16 37 0 11 1
a 21 50 0 111 8
a 21 67 0 46 8
a 24 77 0 111 9
a 24 31 0 20 5
a 25 31 0 111 10
a 25 78 0 27 4
a 25 99 0 41 5
a 26 82 0 111 7
a 26 73 0 6 7
a 26 66 0 42 5
a 30 21 0 111 7
a 30 64 0 47 9
a 31 7 0 111 7
a 31 21 0 1 9
a 32 66 0 111 10
a 32 98 0 3 7
a 32 46 0 42 2
a 33 34 0 111 10
a 33 79 0 29 2
a 34 61 0 111 1
a 34 5 0 48 9
a 36 72 0 111 8
a 36 65 0 26 1
a 37 15 0 111 7
a 37 68 0 25 9
a 37 95 0 6 7
a 37 23 0 13 5
a 41 60 0 111 1
a 41 27 0 2 4
a 42 30 0 111 10
a 42 87 0 49 8
a 44 84 0 111 9
a 44 75 0 50 4
a 44 49 0 6 10
a 45 53 0 111 7
a 45 4 0 1 4
a 49 6 0 111 2
a 49 42 0 13 7
a 50 56 0 111 6
a 50 26 0 25 10
a 51 33 0 111 1
a 51 43 0 15 10
a 51 3 0 28 9
a 51 52 0 14 9
a 53 32 0 111 8
a 53 22 0 42 9
a 53 85 0 29 6
a 56 44 0 111 1
a 56 3 0 25 4
a 56 83 0 33 6
a 59 74 0 111 5
a 59 24 0 10 7
a 60 49 0 111 10
a 60 34 0 49 7
a 60 48 0 34 9
a 61 59 0 111 6
a 61 12 0 10 1
a 62 78 0 111 10
a 62 58 0 25 2
a 62 3 0 12 10
a 64 96 0 111 8
a 64 82 0 15 9
a 66 86 0 111 3
a 66 89 0 31 2
a 66 28 0 1 8
a 67 11 0 111 9
a 67 30 0 30 8
a 67 80 0 43 10
a 68 42 0 111 7
a 68 73 0 47 2
a 69 26 0 111 4
a 69 18 0 8 4
a 71 9 0 111 4
a 71 63 0 45 7
a 72 16 0 111 10
a 72 92 0 26 5
a 72 46 0 40 6
a 74 25 0 111 7
a 74 40 0 39 8
a 74 49 0 26 6
a 77 41 0 111 7
a 77 54 0 46 10
a 77 95 0 49 10
a 78 24 0 111 4
a 78 97 0 18 2
a 78 90 0 41 5
a 81 37 0 111 9
a 81 42 0 27 3
a 81 47 0 38 9
a 82 95 0 111 5
a 82 18 0 3 7
a 82 80 0 28 8
a 83 90 0 111 9
a 83 20 0 21 7
a 84 99 0 111 10
a 84 71 0 36 5
a 84 51 0 26 8
a 86 91 0 111 2
a 86 19 0 5 5
a 87 68 0 111 8
a 87 78 0 18 8
a 87 17 0 7 7
a 90 45 0 111 7
a 90 20 0 30 6
a 91 62 0 111 10
a 91 81 0 27 6
a 95 83 0 111 6
a 95 37 0 46 4
a 95 85 0 2 2
a 96 10 0 111 5
a 96 78 0 15 2
a 2 19 0 139 9
a 2 48 0 33 10
a 2 57 0 14 1
a 4 80 0 139 5
a 4 59 0 33 9
a 4 46 0 6 2
a 5 85 0 139 1
a 5 15 0 39 4
a 5 19 0 4 6
a 13 97 0 139 4
a 13 88 0 37 4
a 13 86 0 21 1
a 14 27 0 139 9
a 14 72 0 15 9
a 14 55 0 13 3
a 17 92 0 139 6
a 17 93 0 12 8
a 17 32 0 2 4
a 18 35 0 139 8
a 18 81 0 38 4
a 18 50 0 50 3
a 19 58 0 139 3
a 19 97 0 47 6
a 19 59 0 48 8
a 20 28 0 139 8
a 20 100 0 139 6
a 20 16 0 46 6
a 22 88 0 139 5
a 22 23 0 25 10
a 22 10 0 33 10
a 23 20 0 139 7
a 23 51 0 10 8
a 27 40 0 139 1
a 27 97 0 4 3
a 27 87 0 41 1
a 28 14 0 139 2
a 28 92 0 4 5
a 29 38 0 139 5
a 29 21 0 18 3
a 35 48 0 139 6
a 35 65 0 50 10
a 38 94 0 139 4
a 38 36 0 4 5
a 38 30 0 31 10
a 39 17 0 139 9
a 39 81 0 19 8
a 40 75 0 139 1
a 40 14 0 40 5
a 43 99 0 139 7
a 43 13 0 17 10
a 46 70 0 139 2
a 46 47 0 19 2
a 46 62 0 33 4
a 47 73 0 139 3
a 47 72 0 5 3
a 47 14 0 22 2
a 48 29 0 139 1
a 48 30 0 37 5
a 52 65 0 139 8
a 52 38 0 34 5
a 54 5 0 139 8
a 54 8 0 34 7
a 55 52 0 139 3
a 55 87 0 48 6
a 57 13 0 139 3
a 57 9 0 23 8
a 58 4 0 139 8
a 58 28 0 13 6
a 58 14 0 30 10
a 63 18 0 139 9
a 63 47 0 16 5
a 63 28 0 12 1
a 65 76 0 139 4
a 65 79 0 5 9
a 65 39 0 1 3
a 70 43 0 139 1
a 70 83 0 13 7
a 70 74 0 32 9
a 73 23 0 139 3
a 73 41 0 3 4
a 73 81 0 1 3
a 75 89 0 139 6
a 75 81 0 20 2
a 75 39 0 13 5
a 76 54 0 139 9
a 76 96 0 20 10
a 79 46 0 139 6
a 79 37 0 35 10
a 80 22 0 139 4
a 80 21 0 14 5
a 85 47 0 139 2
a 85 81 0 28 10
a 88 98 0 139 9
a 88 12 0 8 10
a 89 57 0 139 7
a 89 19 0 6 3
a 92 63 0 139 7
a 92 7 0 34 9
a 93 79 0 139 10
a 93 58 0 38 6
a 94 55 0 139 10
a 94 48 0 38 10
a 97 93 0 139 4
a 97 7 0 25 4
a 98 39 0 139 8
a 98 4 0 14 9
