c PyNETGEN v1.0.0
c $ pip install pynetgen
c
c  NETGEN flow network generation algorithm
c  Problem input parameters
c  -------------------------------------
c   Random seed:          67
c   Number of nodes:      100
c   Source nodes:         2
c   Sink nodes:           2
c   Number of arcs:       251
c   Minimum arc cost:     1
c   Maximum arc cost:     10
c   Total supply:         250
c   Transshipment -
c     Sources:            0
c     Sinks:              0
c   Skeleton arcs -
c     With max cost:      0
c     Capacitated:        100
c   Minimum arc capacity: 1
c   Maximum arc capacity: 50
c
c  *** Minimum cost flow ***
c
p min 100 251
n 1 153
n 2 97
n 99 -92
n 100 -158
a 1 9 0 153 8
a 1 65 0 32 8
a 4 12 0 153 9
a 4 70 0 50 10
a 4 39 0 25 6
a 5 68 0 153 7
a 5 35 0 11 3
a 5 7 0 48 10
a 6 94 0 153 7
a 6 92 0 18 6
a 6 68 0 42 6
a 8 86 0 153 6
a 8 17 0 31 10
a 8 97 0 5 2
a 8 48 0 6 4
a 9 80 0 153 6
a 9 52 0 29 9
a 10 84 0 153 5
a 10 36 0 9 5
a 10 19 0 41 3
a 10 47 0 49 8
a 12 91 0 153 6
a 12 63 0 45 6
a 13 52 0 153 9
a 13 86 0 41 7
a 17 63 0 153 9
a 17 80 0 31 5
a 17 30 0 17 7
a 17 95 0 22 6
a 19 10 0 153 1
a 19 45 0 29 5
a 19 38 0 27 7
a 19 25 0 35 5
a 20 47 0 153 5
a 20 44 0 44 4
a 23 31 0 153 9
a 23 50 0 45 8
a 26 17 0 153 4
a 26 66 0 43 9
a 26 12 0 36 9
a 28 44 0 153 9
a 28 57 0 43 4
a 28 30 0 23 10
a 30 53 0 153 9
a 30 4 0 22 7
a 31 19 0 153 5
a 31 54 0 30 6
a 32 5 0 153 8
a 32 9 0 38 7
a 32 99 0 41 9
a 33 20 0 153 4
a 33 74 0 17 7
a 37 89 0 153 2
a 37 19 0 44 1
a 37 35 0 1 6
a 37 55 0 30 2
a 41 56 0 153 7
a 41 78 0 26 5
a 42 33 0 153 4
a 42 90 0 10 7
a 44 64 0 153 8
a 44 33 0 18 1
a 47 48 0 153 3
a 47 3 0 16 9
a 47 99 0 24 3
a 47 5 0 1 6
a 48 41 0 153 5
a 48 67 0 37 6
a 52 87 0 153 3
a 52 90 0 24 3
a 52 41 0 3 4
a 53 100 0 153 5
a 53 96 0 16 2
a 56 93 0 153 2
a 56 29 0 4 2
a 57 78 0 153 1
a 57 71 0 21 4
a 57 3 0 50 9
a 60 99 0 153 9
a 60 85 0 153 10
a 60 9 0 18 9
a 63 30 0 153 8
a 63 83 0 30 6
a 63 23 0 14 9
a 64 60 0 153 7
a 64 31 0 24 6
a 68 83 0 153 8
a 68 30 0 6 8
a 72 8 0 153 5
a 72 81 0 41 5
a 73 13 0 153 3
a 73 58 0 24 1
a 74 37 0 153 6
a 74 31 0 30 8
a 74 33 0 1 2
a 78 72 0 153 5
a 78 10 0 49 10
a 80 4 0 153 7
a 80 94 0 12 6
a 83 28 0 153 3
a 83 82 0 29 8
a 83 14 0 19 3
a 84 74 0 153 1
a 84 8 0 21 1
a 84 9 0 49 8
a 84 7 0 35 5
a 85 42 0 153 2
a 85 81 0 19 7
a 85 26 0 15 10
a 86 73 0 153 10
a 86 30 0 13 2
a 87 26 0 153 3
a 87 59 0 16 9
a 89 57 0 153 2
a 89 7 0 41 10
a 89 28 0 29 5
a 91 6 0 153 5
a 91 16 0 42 9
a 91 8 0 3 1
a 93 23 0 153 3
a 93 52 0 12 10
a 93 27 0 10 7
a 94 32 0 153 10
a 94 85 0 2 7
a 94 99 0 29 5
a 2 66 0 97 2
a 2 75 0 30 2
a 2 43 0 46 2
a 3 54 0 97 3
a 3 69 0 7 6
a 7 90 0 97 7
a 7 85 0 6 4
a 11 25 0 97 3
a 11 7 0 13 5
a 14 27 0 97 9
a 14 16 0 31 6
a 14 70 0 35 10
a 15 11 0 97 6
a 15 48 0 14 1
a 15 77 0 30 9
a 16 98 0 97 2
a 16 81 0 31 7
a 16 42 0 46 5
a 18 82 0 97 9
a 18 73 0 14 2
a 21 55 0 97 9
a 21 50 0 2 8
a 22 99 0 97 10
a 22 61 0 97 7
a 22 36 0 48 10
a 24 3 0 97 7
a 24 31 0 32 6
a 24 32 0 37 9
a 25 43 0 97 10
a 25 9 0 9 10
a 27 39 0 97 5
a 27 63 0 47 9
a 29 36 0 97 4
a 29 77 0 9 7
a 34 40 0 97 2
a 34 58 0 45 3
a 35 77 0 97 1
a 35 54 0 25 1
a 35 83 0 27 8
a 36 95 0 97 6
a 36 38 0 19 1
a 38 79 0 97 4
a 38 97 0 31 8
a 39 70 0 97 4
a 39 45 0 3 8
a 39 76 0 23 3
a 40 71 0 97 8
a 40 57 0 35 6
a 43 14 0 97 8
a 43 47 0 20 6
a 43 51 0 10 7
a 45 76 0 97 8
a 45 69 0 6 3
a 45 41 0 6 9
a 46 38 0 97 1
a 46 98 0 41 8
a 46 70 0 6 6
a 49 16 0 97 8
a 49 27 0 36 5
a 50 88 0 97 2
a 50 61 0 46 10
a 51 49 0 97 5
a 51 35 0 28 2
a 54 35 0 97 10
a 54 25 0 49 3
a 55 92 0 97 9
a 55 82 0 36 1
a 55 57 0 3 10
a 55 13 0 10 1
a 58 22 0 97 7
a 58 9 0 17 2
a 59 29 0 97 1
a 59 100 0 37 4
a 61 96 0 97 3
a 61 48 0 20 2
a 62 46 0 97 9
a 62 41 0 35 4
a 62 36 0 27 6
a 62 95 0 47 8
a 65 58 0 97 7
a 65 52 0 25 4
a 65 82 0 32 4
a 66 45 0 97 9
a 66 68 0 19 1
a 66 32 0 23 4
a 67 51 0 97 7
a 67 28 0 47 9
a 67 13 0 28 3
a 69 50 0 97 9
a 69 68 0 38 8
a 69 14 0 12 3
a 70 81 0 97 2
a 70 40 0 23 5
a 71 97 0 97 1
a 71 56 0 9 3
a 71 24 0 13 5
a 75 59 0 97 1
a 75 74 0 42 6
a 75 7 0 16 7
a 76 15 0 97 8
a 76 3 0 50 9
a 77 7 0 97 1
a 77 91 0 4 1
a 77 14 0 31 10
a 79 18 0 97 2
a 79 9 0 9 8
a 79 22 0 27 2
a 81 65 0 97 2
a 81 71 0 44 1
a 82 67 0 97 7
a 82 24 0 6 1
a 82 39 0 47 8
a 88 21 0 97 9
a 88 24 0 12 7
a 90 69 0 97 9
a 90 26 0 24 1
a 92 100 0 97 9
a 92 41 0 27 7
a 95 62 0 97 4
a 95 28 0 46 3
a 96 75 0 97 7
a 96 92 0 3 6
a 97 24 0 97 7
a 97 65 0 48 7
a 98 34 0 97 8
a 98 26 0 27 5
