c PyNETGEN v1.0.0
c $ pip install pynetgen
c
c  NETGEN flow network generation algorithm
c  Problem input parameters
c  -------------------------------------
c   Random seed:          44
c   Number of nodes:      100
c   Source nodes:         2
c   Sink nodes:           2
c   Number of arcs:       251
c   Minimum arc cost:     1
c   Maximum arc cost:     10
c   Total supply:         250
c   Transshipment -
c     Sources:            0
c     Sinks:              0
c   Skeleton arcs -
c     With max cost:      0
c     Capacitated:        100
c   Minimum arc capacity: 1
c   Maximum arc capacity: 50
c
c  *** Minimum cost flow ***
c
p min 100 251
n 1 22
n 2 228
n 99 -120
n 100 -130
a 1 76 0 22 9
a 1 28 0 19 4
a 1 81 0 2 10
a 1 15 0 24 5
a 3 88 0 22 5
a 3 85 0 10 1
a 3 90 0 46 9
a 7 34 0 22 5
a 7 64 0 24 7
a 7 57 0 12 8
a 9 74 0 22 7
a 9 83 0 50 7
a 12 7 0 22 4
a 12 83 0 22 8
a 14 37 0 22 4
a 14 3 0 8 3
a 17 91 0 22 3
a 17 99 0 22 2
a 17 19 0 12 1
a 18 50 0 22 10
a 18 71 0 15 3
a 20 45 0 22 5
a 20 76 0 18 2
a 21 92 0 22 8
a 21 96 0 16 4
a 21 54 0 46 7
a 25 32 0 22 5
a 25 35 0 2 2
a 25 95 0 9 9
a 28 42 0 22 4
a 28 94 0 32 2
a 28 37 0 48 7
a 28 41 0 29 5
a 30 72 0 22 9
a 30 76 0 23 1
a 32 95 0 22 8
a 32 54 0 36 9
a 33 83 0 22 10
a 33 5 0 6 8
a 34 49 0 22 5
a 34 13 0 28 10
a 34 9 0 20 5
a 37 25 0 22 6
a 37 82 0 1 9
a 37 99 0 48 2
a 39 63 0 22 7
a 39 97 0 34 3
a 39 66 0 50 9
a 40 9 0 22 8
a 40 93 0 46 1
a 40 98 0 19 9
a 40 6 0 19 6
a 42 96 0 22 6
a 42 79 0 39 5
a 42 9 0 19 2
a 45 28 0 22 4
a 45 44 0 41 4
a 46 18 0 22 8
a 46 86 0 23 5
a 47 12 0 22 5
a 47 76 0 48 5
a 47 6 0 45 6
a 47 93 0 46 10
a 48 17 0 22 10
a 48 6 0 13 8
a 49 98 0 22 2
a 49 43 0 45 2
a 49 15 0 46 8
a 50 48 0 22 6
a 50 29 0 9 9
a 54 20 0 22 8
a 54 63 0 50 2
a 54 87 0 26 9
a 62 30 0 22 9
a 62 88 0 16 3
a 62 100 0 16 9
a 63 85 0 22 6
a 63 68 0 32 6
a 63 88 0 22 1
a 65 40 0 22 6
a 65 4 0 28 10
a 65 14 0 20 9
a 67 39 0 22 3
a 67 60 0 3 4
a 72 14 0 22 6
a 72 63 0 40 6
a 72 95 0 42 10
a 73 62 0 22 4
a 73 59 0 3 2
a 74 47 0 22 6
a 74 38 0 48 8
a 76 65 0 22 2
a 76 7 0 46 2
a 79 46 0 22 1
a 79 54 0 37 7
a 79 14 0 31 10
a 83 54 0 22 8
a 83 100 0 20 10
a 85 79 0 22 3
a 85 31 0 31 8
a 85 61 0 46 7
a 88 100 0 22 8
a 88 74 0 41 8
a 91 21 0 22 7
a 91 80 0 20 2
a 92 94 0 22 1
a 92 10 0 41 2
a 94 73 0 22 1
a 94 59 0 12 5
a 95 33 0 22 6
a 95 28 0 23 5
a 96 3 0 22 7
a 96 8 0 11 4
a 98 67 0 22 4
a 98 8 0 33 7
a 2 55 0 228 3
a 2 47 0 1 4
a 4 58 0 228 6
a 4 99 0 33 9
a 4 29 0 48 6
a 4 8 0 25 10
a 5 22 0 228 5
a 5 34 0 18 2
a 5 52 0 6 5
a 5 91 0 4 9
a 6 10 0 228 7
a 6 98 0 46 5
a 8 69 0 228 3
a 8 100 0 29 9
a 10 53 0 228 4
a 10 37 0 26 10
a 10 62 0 29 5
a 10 41 0 33 9
a 11 66 0 228 7
a 11 47 0 4 9
a 11 68 0 24 7
a 13 90 0 228 2
a 13 49 0 24 5
a 13 70 0 28 9
a 15 4 0 228 10
a 15 33 0 9 9
a 16 41 0 228 4
a 16 90 0 15 8
a 19 26 0 228 8
a 19 29 0 25 1
a 19 25 0 47 9
a 22 59 0 228 7
a 22 11 0 49 5
a 22 63 0 7 5
a 23 60 0 228 8
a 23 86 0 30 5
a 24 82 0 228 1
a 24 93 0 34 8
a 24 38 0 43 5
a 26 93 0 228 5
a 26 13 0 28 9
a 26 43 0 38 3
a 27 87 0 228 3
a 27 82 0 29 10
a 29 13 0 228 8
a 29 6 0 50 2
a 31 15 0 228 1
a 31 57 0 42 10
a 31 82 0 16 1
a 35 19 0 228 5
a 35 85 0 46 3
a 36 81 0 228 1
a 36 88 0 47 7
a 36 96 0 34 9
a 38 100 0 228 2
a 38 28 0 23 5
a 41 36 0 228 4
a 41 74 0 1 2
a 43 97 0 228 6
a 43 26 0 35 7
a 43 100 0 14 2
a 44 78 0 228 2
a 44 70 0 44 3
a 44 19 0 9 7
a 51 38 0 228 1
a 51 36 0 16 4
a 52 35 0 228 9
a 52 46 0 26 1
a 53 24 0 228 3
a 53 23 0 30 3
a 55 89 0 228 6
a 55 14 0 39 9
a 55 83 0 36 2
a 56 23 0 228 1
a 56 99 0 228 5
a 56 87 0 9 3
a 57 5 0 228 9
a 57 12 0 14 2
a 58 57 0 228 9
a 58 21 0 5 6
a 59 71 0 228 7
a 59 91 0 47 1
a 59 47 0 35 9
a 60 6 0 228 6
a 60 73 0 8 8
a 60 65 0 40 5
a 61 43 0 228 6
a 61 36 0 10 1
a 64 52 0 228 7
a 64 83 0 41 2
a 66 27 0 228 7
a 66 97 0 30 6
a 68 70 0 228 3
a 68 19 0 2 4
a 68 13 0 37 7
a 69 51 0 228 4
a 69 53 0 48 1
a 69 20 0 18 1
a 70 56 0 228 5
a 70 39 0 40 1
a 70 91 0 3 2
a 71 86 0 228 10
a 71 42 0 49 2
a 71 85 0 3 3
a 75 11 0 228 3
a 75 100 0 46 3
a 75 86 0 18 6
a 77 44 0 228 4
a 77 49 0 6 7
a 77 7 0 24 4
a 78 68 0 228 7
a 78 35 0 5 6
a 80 31 0 228 3
a 80 55 0 18 2
a 81 80 0 228 8
a 81 37 0 45 1
a 82 61 0 228 7
a 82 35 0 3 10
a 84 77 0 228 4
a 84 43 0 46 2
a 86 84 0 228 8
a 86 42 0 1 9
a 86 47 0 8 6
a 87 8 0 228 6
a 87 41 0 33 7
a 87 29 0 48 9
a 89 64 0 228 8
a 89 67 0 41 1
a 90 16 0 228 10
a 90 8 0 48 1
a 90 100 0 27 1
a 93 29 0 228 8
a 93 100 0 6 7
a 97 75 0 228 5
a 97 84 0 1 4
a 97 81 0 24 6
