c PyNETGEN v1.0.0
c $ pip install pynetgen
c
c  NETGEN flow network generation algorithm
c  Problem input parameters
c  -------------------------------------
c   Random seed:          22
c   Number of nodes:      100
c   Source nodes:         2
c   Sink nodes:           2
c   Number of arcs:       251
c   Minimum arc cost:     1
c   Maximum arc cost:     10
c   Total supply:         250
c   Transshipment -
c     Sources:            0
c     Sinks:              0
c   Skeleton arcs -
c     With max cost:      0
c     Capacitated:        100
c   Minimum arc capacity: 1
c   Maximum arc capacity: 50
c
c  *** Minimum cost flow ***
c
p min 100 251
n 1 245
n 2 5
n 99 -95
n 100 -155
a 1 55 0 245 5
a 1 31 0 10 6
a 1 43 0 50 4
a 4 18 0 245 1
a 4 41 0 18 8
a 4 53 0 29 6
a 6 50 0 245 2
a 6 13 0 8 5
a 6 21 0 36 9
a 6 75 0 5 8
a 7 100 0 245 9
a 7 58 0 245 2
a 7 12 0 32 6
a 7 49 0 36 10
a 7 79 0 49 6
a 12 59 0 245 2
a 12 25 0 19 2
a 13 16 0 245 10
a 13 59 0 30 1
a 16 85 0 245 9
a 16 86 0 33 2
a 16 41 0 8 8
a 16 88 0 8 5
a 17 22 0 245 8
a 17 66 0 7 6
a 18 56 0 245 2
a 18 73 0 33 4
a 22 94 0 245 5
a 22 74 0 5 5
a 22 32 0 46 1
a 22 41 0 15 5
a 23 37 0 245 8
a 23 89 0 40 8
a 23 32 0 15 1
a 25 65 0 245 7
a 25 50 0 38 3
a 25 78 0 42 10
a 26 25 0 245 4
a 26 4 0 27 3
a 26 5 0 8 3
a 27 90 0 245 3
a 27 77 0 9 8
a 28 79 0 245 2
a 28 58 0 1 5
a 31 42 0 245 8
a 31 29 0 14 4
a 32 68 0 245 6
a 32 44 0 24 5
a 33 99 0 245 3
a 33 96 0 47 1
a 33 51 0 35 10
a 36 7 0 245 10
a 36 84 0 42 2
a 36 63 0 45 3
a 37 32 0 245 5
a 37 40 0 21 2
a 37 47 0 21 6
a 40 49 0 245 8
a 40 61 0 12 3
a 41 36 0 245 3
a 41 56 0 48 8
a 42 62 0 245 3
a 42 100 0 22 9
a 44 13 0 245 4
a 44 21 0 7 8
a 49 70 0 245 5
a 49 23 0 48 5
a 49 9 0 22 8
a 49 33 0 7 3
a 50 78 0 245 10
a 50 64 0 3 5
a 51 64 0 245 4
a 51 97 0 37 5
a 51 75 0 25 9
a 52 26 0 245 7
a 52 91 0 32 10
a 52 58 0 7 8
a 53 51 0 245 10
a 53 44 0 10 6
a 53 16 0 22 8
a 55 69 0 245 3
a 55 45 0 34 10
a 56 17 0 245 2
a 56 81 0 2 1
a 58 31 0 245 7
a 58 98 0 19 7
a 59 28 0 245 5
a 59 5 0 21 3
a 62 12 0 245 7
a 62 51 0 22 1
a 64 23 0 245 3
a 64 87 0 40 3
a 65 93 0 245 2
a 65 6 0 16 3
a 66 52 0 245 4
a 66 16 0 41 9
a 66 31 0 3 6
a 66 57 0 9 4
a 68 72 0 245 7
a 68 65 0 16 8
a 69 97 0 245 7
a 69 48 0 23 2
a 69 6 0 21 3
a 69 35 0 4 3
a 70 44 0 245 9
a 70 20 0 16 2
a 70 79 0 21 10
a 72 92 0 245 6
a 72 31 0 5 8
a 74 40 0 245 7
a 74 81 0 12 8
a 74 24 0 4 5
a 75 33 0 245 6
a 75 18 0 31 6
a 75 4 0 42 9
a 78 53 0 245 2
a 78 8 0 24 6
a 78 12 0 2 4
a 79 4 0 245 6
a 79 68 0 37 7
a 79 52 0 42 10
a 85 75 0 245 3
a 85 42 0 38 9
a 85 24 0 43 9
a 87 74 0 245 8
a 87 91 0 27 3
a 87 62 0 26 5
a 89 66 0 245 9
a 89 17 0 47 3
a 90 41 0 245 7
a 90 18 0 40 5
a 92 89 0 245 1
a 92 35 0 37 4
a 92 32 0 15 3
a 93 27 0 245 7
a 93 41 0 44 9
a 94 87 0 245 1
a 94 48 0 11 9
a 97 6 0 245 5
a 97 90 0 36 8
a 2 29 0 5 5
a 2 75 0 31 8
a 2 25 0 8 3
a 3 5 0 5 8
a 3 65 0 13 6
a 3 64 0 24 10
a 5 100 0 5 9
a 5 8 0 50 8
a 8 43 0 5 9
a 8 18 0 3 3
a 9 96 0 5 9
a 9 15 0 11 7
a 9 24 0 16 3
a 10 3 0 5 2
a 10 79 0 3 5
a 10 67 0 13 5
a 11 35 0 5 8
a 11 44 0 47 8
a 11 23 0 15 9
a 14 95 0 5 8
a 14 69 0 24 5
a 15 54 0 5 6
a 15 99 0 5 8
a 15 98 0 20 7
a 19 88 0 5 9
a 19 35 0 35 2
a 19 56 0 48 6
a 20 98 0 5 10
a 20 19 0 49 6
a 20 64 0 6 10
a 21 39 0 5 3
a 21 67 0 25 6
a 24 34 0 5 4
a 24 73 0 26 7
a 24 32 0 23 8
a 29 46 0 5 1
a 29 86 0 39 5
a 30 73 0 5 1
a 30 74 0 26 10
a 30 21 0 13 1
a 34 63 0 5 6
a 34 35 0 5 10
a 35 15 0 5 3
a 35 86 0 27 7
a 35 83 0 27 9
a 38 86 0 5 9
a 38 66 0 41 10
a 38 63 0 39 7
a 39 83 0 5 2
a 39 80 0 43 4
a 39 46 0 5 7
a 43 57 0 5 10
a 43 56 0 31 5
a 45 21 0 5 5
a 45 62 0 28 2
a 46 82 0 5 9
a 46 47 0 49 1
a 47 60 0 5 3
a 47 20 0 47 3
a 48 81 0 5 8
a 48 58 0 44 8
a 54 20 0 5 7
a 54 36 0 29 1
a 57 19 0 5 9
a 57 92 0 21 10
a 60 11 0 5 9
a 60 50 0 14 2
a 61 9 0 5 2
a 61 60 0 25 1
a 61 8 0 44 4
a 63 30 0 5 6
a 63 93 0 23 6
a 67 84 0 5 8
a 67 66 0 8 10
a 71 10 0 5 9
a 71 34 0 27 5
a 71 35 0 49 3
a 73 48 0 5 5
a 73 97 0 27 7
a 76 67 0 5 7
a 76 18 0 47 2
a 76 95 0 8 2
a 77 8 0 5 1
a 77 91 0 27 9
a 77 6 0 11 1
a 80 47 0 5 4
a 80 68 0 28 7
a 80 93 0 27 10
a 81 91 0 5 8
a 81 59 0 43 5
a 82 76 0 5 3
a 82 97 0 19 7
a 83 71 0 5 2
a 83 80 0 6 10
a 83 95 0 47 5
a 84 14 0 5 3
a 84 88 0 1 10
a 84 74 0 28 2
a 86 61 0 5 2
a 86 37 0 42 4
a 88 38 0 5 3
a 88 40 0 23 2
a 91 80 0 5 1
a 91 31 0 29 6
a 95 77 0 5 8
a 95 23 0 14 1
a 96 24 0 5 8
a 96 67 0 27 4
a 98 45 0 5 8
a 98 92 0 26 1
a 98 91 0 36 2
