c PyNETGEN v1.0.0
c $ pip install pynetgen
c
c  NETGEN flow network generation algorithm
c  Problem input parameters
c  -------------------------------------
c   Random seed:          27
c   Number of nodes:      100
c   Source nodes:         2
c   Sink nodes:           2
c   Number of arcs:       251
c   Minimum arc cost:     1
c   Maximum arc cost:     10
c   Total supply:         250
c   Transshipment -
c     Sources:            0
c     Sinks:              0
c   Skeleton arcs -
c     With max cost:      0
c     Capacitated:        100
c   Minimum arc capacity: 1
c   Maximum arc capacity: 50
c
c  *** Minimum cost flow ***
c
p min 100 251
n 1 218
n 2 32
n 99 -112
n 100 -138
a 1 64 0 218 1
a 1 3 0 33 10
a 1 82 0 34 6
a 1 93 0 32 6
a 7 83 0 218 4
a 7 88 0 12 8
a 8 88 0 218 2
a 8 76 0 35 6
a 10 69 0 218 8
a 10 75 0 47 8
a 10 7 0 25 6
a 10 98 0 36 5
a 14 30 0 218 7
a 14 59 0 15 8
a 14 66 0 50 1
a 14 76 0 27 9
a 15 43 0 218 4
a 15 74 0 8 6
a 15 95 0 2 6
a 15 49 0 3 2
a 16 76 0 218 4
a 16 93 0 22 2
a 18 36 0 218 6
a 18 60 0 22 6
a 18 94 0 31 9
a 18 39 0 39 7
a 19 79 0 218 2
a 19 55 0 3 5
a 21 8 0 218 10
a 21 60 0 24 6
a 22 99 0 218 5
a 22 21 0 218 4
a 22 18 0 22 4
a 25 95 0 218 5
a 25 29 0 4 6
a 25 75 0 36 10
a 26 14 0 218 10
a 26 10 0 46 10
a 26 46 0 9 5
a 29 40 0 218 7
a 29 10 0 6 6
a 30 67 0 218 8
a 30 52 0 10 6
a 31 16 0 218 5
a 31 66 0 17 6
a 32 77 0 218 10
a 32 15 0 45 3
a 34 26 0 218 7
a 34 68 0 15 5
a 36 98 0 218 2
a 36 39 0 26 1
a 40 92 0 218 9
a 40 29 0 23 6
a 40 31 0 5 1
a 43 32 0 218 2
a 43 54 0 48 6
a 43 15 0 46 9
a 43 7 0 44 4
a 48 91 0 218 6
a 48 7 0 38 10
a 49 100 0 218 3
a 49 37 0 3 6
a 55 15 0 218 6
a 55 35 0 33 5
a 55 39 0 5 8
a 55 5 0 46 1
a 56 78 0 218 7
a 56 29 0 30 10
a 56 31 0 3 9
a 64 31 0 218 3
a 64 63 0 27 2
a 64 14 0 39 9
a 66 72 0 218 2
a 66 59 0 49 1
a 67 74 0 218 10
a 67 99 0 46 9
a 69 75 0 218 7
a 69 8 0 3 10
a 72 18 0 218 10
a 72 7 0 16 9
a 74 48 0 218 1
a 74 65 0 47 4
a 75 87 0 218 6
a 75 88 0 37 6
a 75 57 0 14 8
a 75 58 0 31 6
a 76 19 0 218 7
a 76 37 0 19 2
a 77 10 0 218 3
a 77 80 0 30 8
a 77 46 0 32 6
a 78 29 0 218 9
a 78 12 0 49 9
a 78 21 0 30 5
a 79 7 0 218 4
a 79 96 0 8 7
a 83 96 0 218 8
a 83 54 0 42 8
a 83 16 0 47 4
a 87 34 0 218 4
a 87 92 0 29 6
a 87 98 0 18 1
a 88 25 0 218 7
a 88 6 0 50 4
a 91 49 0 218 2
a 91 4 0 23 5
a 91 19 0 17 3
a 92 66 0 218 3
a 92 33 0 44 9
a 92 29 0 15 1
a 95 56 0 218 1
a 95 94 0 10 2
a 96 22 0 218 4
a 96 86 0 9 4
a 98 55 0 218 1
a 98 56 0 10 1
a 2 44 0 32 6
a 2 52 0 27 4
a 2 12 0 20 3
a 3 47 0 32 9
a 3 72 0 25 10
a 4 5 0 32 7
a 4 19 0 13 9
a 4 8 0 7 10
a 5 50 0 32 7
a 5 54 0 9 8
a 6 33 0 32 9
a 6 86 0 45 4
a 6 67 0 15 2
a 9 71 0 32 5
a 9 52 0 44 1
a 11 41 0 32 2
a 11 72 0 34 2
a 12 100 0 32 3
a 12 73 0 32 6
a 12 41 0 19 3
a 12 46 0 3 7
a 13 11 0 32 9
a 13 22 0 3 8
a 13 25 0 47 4
a 17 46 0 32 2
a 17 27 0 23 8
a 17 84 0 25 2
a 20 35 0 32 9
a 20 4 0 5 1
a 23 61 0 32 8
a 23 7 0 11 1
a 23 41 0 23 3
a 24 20 0 32 7
a 24 32 0 5 8
a 27 4 0 32 7
a 27 39 0 48 1
a 28 59 0 32 3
a 28 38 0 41 5
a 33 93 0 32 2
a 33 15 0 13 2
a 33 47 0 9 1
a 35 62 0 32 7
a 35 81 0 21 9
a 35 85 0 3 3
a 37 60 0 32 2
a 37 58 0 45 10
a 37 100 0 20 9
a 38 85 0 32 4
a 38 50 0 6 5
a 39 23 0 32 2
a 39 22 0 40 8
a 39 20 0 13 10
a 41 39 0 32 8
a 41 99 0 8 10
a 42 27 0 32 1
a 42 58 0 23 4
a 42 95 0 41 9
a 44 3 0 32 10
a 44 59 0 8 10
a 45 38 0 32 10
a 45 3 0 1 5
a 45 66 0 11 4
a 46 99 0 32 9
a 46 69 0 6 4
a 47 57 0 32 7
a 47 25 0 11 4
a 47 22 0 50 7
a 50 89 0 32 4
a 50 58 0 42 5
a 51 90 0 32 8
a 51 8 0 37 6
a 51 47 0 42 4
a 52 84 0 32 2
a 52 9 0 44 10
a 53 68 0 32 3
a 53 61 0 10 7
a 53 16 0 23 9
a 54 53 0 32 4
a 54 72 0 44 4
a 57 86 0 32 10
a 57 91 0 17 5
a 58 52 0 32 5
a 58 14 0 2 7
a 58 66 0 32 8
a 59 58 0 32 8
a 59 43 0 20 9
a 59 5 0 18 5
a 60 63 0 32 6
a 60 96 0 4 7
a 60 33 0 46 3
a 61 37 0 32 10
a 61 13 0 14 10
a 62 97 0 32 5
a 62 74 0 6 2
a 63 94 0 32 1
a 63 74 0 43 10
a 65 28 0 32 10
a 65 5 0 37 9
a 68 13 0 32 10
a 68 46 0 42 2
a 70 6 0 32 3
a 70 43 0 31 4
a 71 51 0 32 4
a 71 72 0 47 5
a 73 45 0 32 7
a 73 69 0 23 8
a 80 54 0 32 5
a 80 78 0 32 10
a 80 82 0 16 4
a 80 49 0 44 2
a 81 80 0 32 3
a 81 82 0 46 1
a 82 81 0 32 3
a 82 85 0 44 7
a 82 14 0 42 10
a 84 82 0 32 4
a 84 70 0 39 6
a 85 42 0 32 2
a 85 91 0 13 2
a 86 24 0 32 7
a 86 68 0 28 2
a 89 70 0 32 9
a 89 10 0 32 7
a 89 28 0 8 3
a 89 76 0 28 10
a 90 65 0 32 2
a 90 6 0 4 2
a 93 17 0 32 1
a 93 95 0 38 9
a 93 9 0 43 1
a 94 12 0 32 8
a 94 73 0 40 7
a 94 71 0 35 9
a 97 9 0 32 3
a 97 13 0 2 3
