c PyNETGEN v1.0.0
c $ pip install pynetgen
c
c  NETGEN flow network generation algorithm
c  Problem input parameters
c  -------------------------------------
c   Random seed:          75
c   Number of nodes:      50
c   Source nodes:         2
c   Sink nodes:           2
c   Number of arcs:       109
c   Minimum arc cost:     1
c   Maximum arc cost:     10
c   Total supply:         250
c   Transshipment -
c     Sources:            0
c     Sinks:              0
c   Skeleton arcs -
c     With max cost:      0
c     Capacitated:        100
c   Minimum arc capacity: 1
c   Maximum arc capacity: 50
c
c  *** Minimum cost flow ***
c
p min 50 109
n 1 131
n 2 119
n 49 -134
n 50 -116
a 1 17 0 131 2
a 1 34 0 21 7
a 1 40 0 48 9
a 3 27 0 131 4
a 3 49 0 41 5
a 4 35 0 131 6
a 4 20 0 9 7
a 9 38 0 131 1
a 9 20 0 49 4
a 9 12 0 34 1
a 11 31 0 131 9
a 11 47 0 32 10
a 11 40 0 40 10
a 13 29 0 131 4
a 13 48 0 37 4
a 13 42 0 33 9
a 15 4 0 131 10
a 15 33 0 30 9
a 17 20 0 131 3
a 17 16 0 3 5
a 17 44 0 30 6
a 20 9 0 131 7
a 20 50 0 14 1
a 20 47 0 44 7
a 21 36 0 131 5
a 21 18 0 4 5
a 21 3 0 20 4
a 22 49 0 131 10
a 22 15 0 131 2
a 22 43 0 3 4
a 25 45 0 131 4
a 25 27 0 14 10
a 25 38 0 40 7
a 26 11 0 131 1
a 26 27 0 35 1
a 27 50 0 131 9
a 27 18 0 13 5
a 27 6 0 29 3
a 29 25 0 131 9
a 29 33 0 48 4
a 31 48 0 131 10
a 31 45 0 31 7
a 34 22 0 131 4
a 34 42 0 1 5
a 35 21 0 131 9
a 35 47 0 37 5
a 36 26 0 131 9
a 36 21 0 49 4
a 38 34 0 131 9
a 38 43 0 39 5
a 38 17 0 14 3
a 39 13 0 131 5
a 39 16 0 13 6
a 41 39 0 131 9
a 41 33 0 47 4
a 41 35 0 28 2
a 45 46 0 131 2
a 45 49 0 45 7
a 46 3 0 131 3
a 46 32 0 7 6
a 48 41 0 131 3
a 48 5 0 45 1
a 48 31 0 8 10
a 2 28 0 119 3
a 2 9 0 13 8
a 5 23 0 119 1
a 5 19 0 48 6
a 6 5 0 119 4
a 6 21 0 43 2
a 7 24 0 119 10
a 7 38 0 42 10
a 8 10 0 119 8
a 8 39 0 35 10
a 10 16 0 119 9
a 10 46 0 19 7
a 12 37 0 119 1
a 12 17 0 19 2
a 14 43 0 119 5
a 14 12 0 49 10
a 16 19 0 119 5
a 16 5 0 32 4
a 18 50 0 119 7
a 18 42 0 119 9
a 19 44 0 119 2
a 19 45 0 6 3
a 23 12 0 119 4
a 23 44 0 5 9
a 24 49 0 119 3
a 24 9 0 32 5
a 28 8 0 119 1
a 28 27 0 28 10
a 30 47 0 119 4
a 30 33 0 39 4
a 32 18 0 119 8
a 32 48 0 27 5
a 33 32 0 119 5
a 33 23 0 21 10
a 37 30 0 119 10
a 37 49 0 29 5
a 40 6 0 119 10
a 40 21 0 47 1
a 42 40 0 119 2
a 42 27 0 4 9
a 43 7 0 119 4
a 43 4 0 32 4
a 44 33 0 119 2
a 44 7 0 48 8
a 47 14 0 119 9
a 47 11 0 38 7
