c PyNETGEN v1.0.0
c $ pip install pynetgen
c
c  NETGEN flow network generation algorithm
c  Problem input parameters
c  -------------------------------------
c   Random seed:          7
c   Number of nodes:      100
c   Source nodes:         2
c   Sink nodes:           2
c   Number of arcs:       251
c   Minimum arc cost:     1
c   Maximum arc cost:     10
c   Total supply:         250
c   Transshipment -
c     Sources:            0
c     Sinks:              0
c   Skeleton arcs -
c     With max cost:      0
c     Capacitated:        100
c   Minimum arc capacity: 1
c   Maximum arc capacity: 50
c
c  *** Minimum cost flow ***
c
p min 100 251
n 1 25
n 2 225
n 99 -141
n 100 -109
a 1 28 0 25 4
a 1 85 0 35 4
a 1 21 0 48 8
a 7 85 0 25 8
a 7 46 0 47 9
a 7 24 0 33 7
a 8 21 0 25 9
a 8 48 0 27 9
a 8 72 0 20 2
a 8 40 0 35 4
a 9 40 0 25 8
a 9 74 0 41 8
a 9 57 0 13 10
a 9 36 0 45 1
a 10 61 0 25 7
a 10 64 0 34 8
a 10 58 0 3 3
a 10 41 0 43 6
a 15 31 0 25 5
a 15 82 0 31 10
a 21 15 0 25 3
a 21 58 0 45 2
a 21 52 0 8 3
a 21 51 0 45 8
a 22 9 0 25 1
a 22 64 0 9 7
a 22 92 0 14 10
a 23 79 0 25 1
a 23 4 0 14 1
a 23 68 0 32 4
a 24 50 0 25 8
a 24 95 0 11 3
a 24 19 0 7 4
a 26 47 0 25 2
a 26 29 0 37 2
a 26 27 0 29 7
a 28 42 0 25 3
a 28 7 0 48 8
a 28 89 0 23 5
a 31 62 0 25 4
a 31 65 0 1 1
a 31 69 0 3 5
a 33 77 0 25 6
a 33 62 0 47 4
a 34 64 0 25 8
a 34 65 0 27 8
a 34 91 0 16 7
a 35 83 0 25 2
a 35 31 0 45 8
a 39 35 0 25 10
a 39 52 0 1 1
a 40 84 0 25 7
a 40 100 0 13 5
a 40 9 0 23 4
a 42 96 0 25 3
a 42 90 0 24 1
a 42 75 0 10 6
a 43 59 0 25 1
a 43 36 0 33 6
a 43 84 0 20 2
a 44 99 0 25 7
a 44 84 0 13 8
a 44 38 0 31 2
a 47 63 0 25 6
a 47 49 0 47 7
a 47 20 0 1 8
a 49 53 0 25 6
a 49 21 0 48 5
a 49 79 0 32 7
a 50 7 0 25 3
a 50 20 0 20 4
a 51 68 0 25 6
a 51 15 0 47 5
a 53 69 0 25 9
a 53 93 0 37 9
a 54 34 0 25 3
a 54 45 0 28 1
a 55 66 0 25 5
a 55 21 0 24 6
a 57 98 0 25 1
a 57 5 0 38 9
a 57 4 0 18 8
a 59 33 0 25 7
a 59 70 0 36 4
a 61 92 0 25 1
a 61 29 0 46 10
a 61 5 0 26 10
a 62 65 0 25 6
a 62 20 0 41 1
a 62 22 0 43 9
a 63 55 0 25 7
a 63 35 0 46 2
a 63 28 0 49 10
a 64 43 0 25 10
a 64 8 0 28 4
a 65 23 0 25 5
a 65 26 0 36 9
a 65 55 0 45 5
a 66 90 0 25 3
a 66 36 0 15 9
a 66 47 0 35 6
a 68 8 0 25 5
a 68 3 0 45 1
a 69 10 0 25 7
a 69 87 0 4 5
a 74 57 0 25 10
a 74 60 0 47 3
a 75 26 0 25 10
a 75 24 0 2 5
a 76 22 0 25 3
a 76 94 0 10 2
a 77 39 0 25 1
a 77 18 0 25 6
a 77 17 0 5 9
a 79 76 0 25 2
a 79 7 0 19 4
a 83 24 0 25 3
a 83 100 0 25 10
a 83 29 0 16 3
a 84 54 0 25 7
a 84 94 0 2 8
a 85 74 0 25 5
a 85 54 0 24 2
a 90 51 0 25 8
a 90 50 0 2 6
a 92 75 0 25 10
a 92 15 0 6 9
a 96 49 0 25 9
a 96 30 0 37 10
a 96 59 0 43 2
a 98 44 0 25 6
a 98 14 0 32 6
a 98 25 0 19 6
a 2 82 0 225 10
a 2 9 0 47 5
a 2 67 0 21 8
a 3 88 0 225 5
a 3 17 0 8 7
a 3 66 0 48 2
a 4 72 0 225 4
a 4 26 0 43 8
a 4 43 0 33 4
a 5 32 0 225 10
a 5 94 0 50 9
a 5 74 0 43 3
a 6 67 0 225 7
a 6 87 0 47 5
a 6 21 0 8 2
a 11 12 0 225 4
a 11 10 0 7 3
a 11 64 0 18 2
a 12 86 0 225 5
a 12 77 0 46 1
a 12 80 0 7 10
a 13 89 0 225 4
a 13 91 0 2 7
a 13 63 0 2 9
a 14 6 0 225 4
a 14 66 0 20 2
a 14 37 0 39 5
a 16 25 0 225 3
a 16 11 0 7 4
a 16 65 0 36 1
a 17 3 0 225 10
a 17 55 0 24 5
a 17 67 0 22 3
a 18 99 0 225 7
a 18 56 0 33 8
a 19 46 0 225 5
a 19 100 0 225 9
a 19 89 0 22 4
a 19 12 0 34 8
a 20 30 0 225 6
a 20 11 0 4 7
a 20 13 0 27 2
a 25 71 0 225 10
a 25 43 0 6 8
a 25 78 0 15 8
a 27 38 0 225 4
a 27 97 0 37 2
a 29 14 0 225 3
a 29 63 0 37 8
a 30 56 0 225 8
a 30 94 0 23 8
a 32 27 0 225 2
a 32 76 0 49 6
a 32 65 0 3 5
a 36 58 0 225 7
a 36 4 0 16 9
a 36 95 0 40 10
a 37 73 0 225 8
a 37 17 0 47 10
a 38 41 0 225 8
a 38 91 0 18 10
a 38 11 0 24 2
a 41 95 0 225 3
a 41 45 0 45 9
a 45 60 0 225 4
a 45 7 0 35 4
a 46 94 0 225 6
a 46 73 0 31 6
a 48 52 0 225 1
a 48 86 0 15 6
a 52 20 0 225 2
a 52 80 0 16 5
a 52 98 0 5 4
a 56 29 0 225 9
a 56 70 0 23 6
a 56 90 0 28 10
a 58 81 0 225 9
a 58 84 0 50 6
a 58 57 0 16 4
a 60 91 0 225 9
a 60 26 0 21 3
a 67 70 0 225 6
a 67 31 0 32 10
a 67 57 0 10 3
a 70 36 0 225 7
a 70 31 0 9 7
a 71 4 0 225 1
a 71 43 0 27 9
a 72 5 0 225 9
a 72 32 0 5 5
a 73 19 0 225 5
a 73 76 0 5 2
a 78 97 0 225 1
a 78 68 0 34 6
a 80 13 0 225 7
a 80 50 0 19 10
a 81 80 0 225 10
a 81 66 0 10 1
a 82 78 0 225 4
a 82 58 0 41 4
a 86 45 0 225 1
a 86 49 0 8 10
a 87 93 0 225 4
a 87 47 0 17 4
a 88 48 0 225 1
a 88 68 0 42 2
a 89 11 0 225 1
a 89 58 0 8 3
a 91 87 0 225 2
a 91 21 0 16 8
a 93 37 0 225 6
a 93 63 0 34 7
a 94 18 0 225 1
a 94 23 0 44 9
a 95 17 0 225 8
a 95 48 0 27 5
a 97 16 0 225 2
a 97 5 0 41 2
