c PyNETGEN v1.0.0
c $ pip install pynetgen
c
c  NETGEN flow network generation algorithm
c  Problem input parameters
c  -------------------------------------
c   Random seed:          93
c   Number of nodes:      100
c   Source nodes:         2
c   Sink nodes:           2
c   Number of arcs:       251
c   Minimum arc cost:     1
c   Maximum arc cost:     10
c   Total supply:         250
c   Transshipment -
c     Sources:            0
c     Sinks:              0
c   Skeleton arcs -
c     With max cost:      0
c     Capacitated:        100
c   Minimum arc capacity: 1
c   Maximum arc capacity: 50
c
c  *** Minimum cost flow ***
c
p min 100 251
n 1 52
n 2 198
n 99 -125
n 100 -125
a 1 31 0 52 6
a 1 25 0 10 4
a 1 3 0 37 1
a 4 14 0 52 8
a 4 21 0 28 2
a 9 29 0 52 5
a 9 84 0 11 10
a 9 7 0 6 8
a 9 65 0 22 6
a 10 100 0 52 8
a 10 51 0 52 1
a 10 80 0 24 6
a 10 71 0 48 8
a 10 21 0 31 8
a 14 62 0 52 4
a 14 81 0 36 9
a 14 58 0 32 7
a 14 41 0 7 8
a 16 86 0 52 9
a 16 34 0 13 9
a 17 24 0 52 9
a 17 5 0 49 9
a 17 39 0 19 7
a 19 21 0 52 6
a 19 26 0 44 5
a 21 17 0 52 5
a 21 35 0 23 1
a 22 54 0 52 3
a 22 23 0 7 2
a 22 67 0 14 10
a 22 96 0 44 6
a 23 10 0 52 4
a 23 96 0 39 8
a 24 37 0 52 10
a 24 23 0 12 1
a 24 52 0 6 9
a 25 98 0 52 9
a 25 15 0 24 8
a 26 77 0 52 3
a 26 85 0 8 4
a 29 30 0 52 5
a 29 12 0 31 5
a 29 39 0 19 10
a 29 5 0 45 4
a 30 57 0 52 4
a 30 43 0 5 10
a 30 97 0 46 7
a 31 22 0 52 2
a 31 75 0 27 7
a 31 85 0 46 7
a 34 38 0 52 8
a 34 26 0 49 6
a 34 64 0 49 8
a 37 61 0 52 10
a 37 38 0 37 4
a 38 39 0 52 4
a 38 50 0 12 7
a 38 68 0 11 5
a 39 48 0 52 2
a 39 91 0 34 9
a 41 70 0 52 3
a 41 43 0 19 3
a 41 14 0 48 5
a 42 16 0 52 1
a 42 93 0 26 5
a 45 52 0 52 4
a 45 27 0 41 9
a 46 88 0 52 6
a 46 92 0 27 5
a 46 86 0 20 3
a 47 94 0 52 9
a 47 30 0 14 5
a 48 60 0 52 6
a 48 95 0 24 4
a 48 73 0 34 3
a 50 19 0 52 5
a 50 16 0 14 9
a 51 42 0 52 9
a 51 92 0 13 7
a 52 67 0 52 8
a 52 47 0 33 4
a 52 4 0 5 1
a 54 46 0 52 9
a 54 93 0 43 2
a 57 4 0 52 1
a 57 47 0 44 3
a 60 45 0 52 8
a 60 46 0 38 1
a 61 34 0 52 1
a 61 27 0 49 1
a 61 10 0 4 8
a 62 99 0 52 2
a 62 35 0 21 10
a 65 9 0 52 8
a 65 22 0 16 2
a 65 6 0 31 7
a 67 23 0 52 10
a 67 87 0 22 10
a 68 47 0 52 8
a 68 51 0 2 7
a 68 26 0 23 3
a 70 78 0 52 7
a 70 54 0 37 4
a 74 41 0 52 2
a 74 37 0 35 5
a 77 74 0 52 8
a 77 3 0 30 6
a 77 62 0 31 6
a 77 67 0 12 3
a 78 25 0 52 2
a 78 31 0 37 7
a 78 76 0 22 4
a 86 87 0 52 2
a 86 68 0 5 2
a 86 48 0 47 6
a 87 65 0 52 2
a 87 49 0 50 9
a 87 71 0 48 10
a 88 95 0 52 4
a 88 54 0 41 8
a 94 26 0 52 6
a 94 57 0 24 6
a 94 73 0 36 10
a 95 68 0 52 3
a 95 77 0 40 5
a 96 97 0 52 1
a 96 58 0 45 3
a 96 88 0 29 5
a 97 50 0 52 3
a 97 93 0 13 8
a 98 96 0 52 5
a 98 37 0 44 4
a 2 27 0 198 5
a 2 63 0 35 8
a 3 53 0 198 6
a 3 12 0 29 1
a 5 71 0 198 5
a 5 44 0 26 10
a 6 18 0 198 10
a 6 53 0 27 7
a 6 11 0 21 1
a 7 13 0 198 7
a 7 26 0 46 9
a 7 91 0 12 9
a 8 99 0 198 10
a 8 60 0 41 8
a 8 72 0 28 8
a 11 6 0 198 10
a 11 90 0 40 4
a 11 93 0 50 7
a 12 89 0 198 7
a 12 71 0 7 6
a 12 53 0 8 8
a 13 43 0 198 1
a 13 51 0 15 8
a 15 93 0 198 4
a 15 100 0 198 10
a 15 81 0 30 9
a 18 64 0 198 8
a 18 33 0 27 10
a 18 75 0 3 7
a 20 7 0 198 2
a 20 60 0 41 10
a 20 44 0 4 1
a 27 36 0 198 3
a 27 88 0 17 3
a 28 76 0 198 7
a 28 98 0 43 9
a 28 41 0 35 7
a 32 35 0 198 2
a 32 62 0 10 9
a 33 92 0 198 1
a 33 69 0 43 7
a 35 83 0 198 4
a 35 9 0 30 4
a 35 36 0 29 6
a 36 55 0 198 5
a 36 83 0 17 5
a 36 25 0 7 2
a 40 5 0 198 1
a 40 61 0 8 3
a 43 40 0 198 6
a 43 95 0 42 9
a 44 11 0 198 8
a 44 85 0 20 5
a 49 79 0 198 2
a 49 68 0 13 6
a 53 72 0 198 2
a 53 38 0 28 3
a 53 61 0 23 5
a 55 12 0 198 1
a 55 41 0 17 7
a 56 81 0 198 9
a 56 88 0 49 6
a 58 20 0 198 8
a 58 3 0 47 7
a 59 85 0 198 4
a 59 40 0 7 6
a 59 34 0 43 2
a 63 90 0 198 2
a 63 91 0 3 3
a 63 80 0 27 6
a 64 66 0 198 1
a 64 41 0 33 7
a 66 80 0 198 4
a 66 15 0 43 3
a 66 18 0 45 10
a 69 84 0 198 7
a 69 88 0 6 2
a 69 92 0 38 4
a 71 15 0 198 5
a 71 85 0 15 5
a 71 10 0 47 2
a 72 75 0 198 1
a 72 40 0 20 1
a 72 15 0 20 10
a 73 58 0 198 3
a 73 87 0 3 2
a 73 12 0 15 3
a 75 69 0 198 5
a 75 58 0 34 7
a 75 24 0 50 7
a 76 8 0 198 8
a 76 51 0 19 10
a 79 33 0 198 2
a 79 3 0 23 2
a 80 28 0 198 4
a 80 82 0 27 8
a 80 63 0 50 10
a 81 63 0 198 6
a 81 35 0 8 3
a 81 4 0 24 8
a 82 3 0 198 2
a 82 42 0 43 3
a 83 44 0 198 7
a 83 14 0 49 10
a 83 47 0 31 2
a 84 32 0 198 6
a 84 36 0 4 2
a 85 82 0 198 4
a 85 77 0 3 5
a 89 73 0 198 1
a 89 37 0 17 5
a 90 49 0 198 4
a 90 37 0 38 2
a 91 59 0 198 5
a 91 67 0 25 5
a 92 91 0 198 4
a 92 8 0 9 1
a 93 56 0 198 1
a 93 100 0 16 2
