c PyNETGEN v1.0.0
c $ pip install pynetgen
c
c  NETGEN flow network generation algorithm
c  Problem input parameters
c  -------------------------------------
c   Random seed:          57
c   Number of nodes:      100
c   Source nodes:         2
c   Sink nodes:           2
c   Number of arcs:       251
c   Minimum arc cost:     1
c   Maximum arc cost:     10
c   Total supply:         250
c   Transshipment -
c     Sources:            0
c     Sinks:              0
c   Skeleton arcs -
c     With max cost:      0
c     Capacitated:        100
c   Minimum arc capacity: 1
c   Maximum arc capacity: 50
c
c  *** Minimum cost flow ***
c
p min 100 251
n 1 159
n 2 91
n 99 -128
n 100 -122
a 1 87 0 159 3
a 1 90 0 33 7
a 3 14 0 159 1
a 3 54 0 8 4
a 4 7 0 159 3
a 4 89 0 4 9
a 4 71 0 21 1
a 6 89 0 159 4
a 6 24 0 43 3
a 6 45 0 37 9
a 6 100 0 37 1
a 7 69 0 159 5
a 7 3 0 29 6
a 7 60 0 45 5
a 9 83 0 159 8
a 9 14 0 18 7
a 9 50 0 32 8
a 12 28 0 159 4
a 12 54 0 44 2
a 12 39 0 33 2
a 12 4 0 2 1
a 14 47 0 159 1
a 14 6 0 3 1
a 14 96 0 14 8
a 15 99 0 159 1
a 15 57 0 159 3
a 15 81 0 3 2
a 17 26 0 159 2
a 17 66 0 17 9
a 17 93 0 17 5
a 20 40 0 159 2
a 20 6 0 38 6
a 22 9 0 159 1
a 22 67 0 35 9
a 25 6 0 159 6
a 25 76 0 24 5
a 25 27 0 24 9
a 25 99 0 13 3
a 26 85 0 159 5
a 26 70 0 11 7
a 28 95 0 159 5
a 28 38 0 32 1
a 28 77 0 5 8
a 28 66 0 3 8
a 30 41 0 159 5
a 30 34 0 39 6
a 33 81 0 159 4
a 33 42 0 33 9
a 33 92 0 25 3
a 35 50 0 159 6
a 35 72 0 28 9
a 40 4 0 159 3
a 40 63 0 3 4
a 41 86 0 159 5
a 41 67 0 26 5
a 42 48 0 159 6
a 42 35 0 49 4
a 43 20 0 159 3
a 43 59 0 39 5
a 44 43 0 159 8
a 44 26 0 44 4
a 44 93 0 33 10
a 44 4 0 47 1
a 46 22 0 159 10
a 46 88 0 49 10
a 47 76 0 159 3
a 47 43 0 9 9
a 48 63 0 159 5
a 48 97 0 38 1
a 48 100 0 45 5
a 50 25 0 159 8
a 50 80 0 29 7
a 50 42 0 45 4
a 53 33 0 159 8
a 53 80 0 19 4
a 57 46 0 159 3
a 57 70 0 14 2
a 57 4 0 37 4
a 57 26 0 41 10
a 63 53 0 159 5
a 63 11 0 9 6
a 64 3 0 159 5
a 64 83 0 29 4
a 64 62 0 44 9
a 69 30 0 159 3
a 69 87 0 50 1
a 69 34 0 27 10
a 71 35 0 159 10
a 71 54 0 26 4
a 74 71 0 159 5
a 74 57 0 42 8
a 74 67 0 6 4
a 76 74 0 159 5
a 76 33 0 5 7
a 76 55 0 21 7
a 80 97 0 159 4
a 80 98 0 12 10
a 81 82 0 159 4
a 81 9 0 6 9
a 81 97 0 44 3
a 82 80 0 159 8
a 82 63 0 32 5
a 83 92 0 159 6
a 83 97 0 29 6
a 84 17 0 159 3
a 84 67 0 21 6
a 84 57 0 40 9
a 85 94 0 159 5
a 85 45 0 34 8
a 86 12 0 159 7
a 86 77 0 35 9
a 87 84 0 159 8
a 87 82 0 34 5
a 88 90 0 159 2
a 88 17 0 36 10
a 88 37 0 39 4
a 89 15 0 159 6
a 89 34 0 6 4
a 90 100 0 159 3
a 90 20 0 20 10
a 92 44 0 159 10
a 92 21 0 8 7
a 92 7 0 3 7
a 92 8 0 34 2
a 94 96 0 159 5
a 94 10 0 31 2
a 95 42 0 159 7
a 95 62 0 32 9
a 96 64 0 159 9
a 96 15 0 20 4
a 97 88 0 159 10
a 97 69 0 19 10
a 97 78 0 33 4
a 97 85 0 6 4
a 2 37 0 91 1
a 2 12 0 23 3
a 5 13 0 91 7
a 5 60 0 24 8
a 8 91 0 91 1
a 8 65 0 37 10
a 8 88 0 27 8
a 10 18 0 91 10
a 10 6 0 15 3
a 10 47 0 8 10
a 11 16 0 91 5
a 11 62 0 13 7
a 13 75 0 91 5
a 13 21 0 44 3
a 16 5 0 91 3
a 16 57 0 33 5
a 16 88 0 39 5
a 18 21 0 91 3
a 18 33 0 47 3
a 18 12 0 5 9
a 19 60 0 91 4
a 19 76 0 27 1
a 19 28 0 26 8
a 21 70 0 91 1
a 21 98 0 19 7
a 21 55 0 24 3
a 23 51 0 91 7
a 23 94 0 35 3
a 23 50 0 23 1
a 24 93 0 91 1
a 24 55 0 6 6
a 27 73 0 91 7
a 27 11 0 49 1
a 29 58 0 91 6
a 29 90 0 48 8
a 31 24 0 91 1
a 31 9 0 11 7
a 32 39 0 91 10
a 32 68 0 50 7
a 34 54 0 91 9
a 34 38 0 32 4
a 34 93 0 32 8
a 36 67 0 91 9
a 36 65 0 40 4
a 37 34 0 91 9
a 37 39 0 32 3
a 38 65 0 91 10
a 38 75 0 38 4
a 39 56 0 91 7
a 39 26 0 21 3
a 45 32 0 91 10
a 45 6 0 36 3
a 49 77 0 91 6
a 49 71 0 34 5
a 51 10 0 91 9
a 51 27 0 18 9
a 52 61 0 91 9
a 52 65 0 29 2
a 52 6 0 19 3
a 52 30 0 22 2
a 54 55 0 91 7
a 54 64 0 10 4
a 54 93 0 26 10
a 55 72 0 91 5
a 55 31 0 41 7
a 55 87 0 2 7
a 55 85 0 43 3
a 56 49 0 91 8
a 56 28 0 25 5
a 58 79 0 91 2
a 58 37 0 43 10
a 59 68 0 91 3
a 59 30 0 9 7
a 59 24 0 22 3
a 60 78 0 91 8
a 60 90 0 32 2
a 61 11 0 91 7
a 61 15 0 44 8
a 61 73 0 47 6
a 61 54 0 16 6
a 62 8 0 91 1
a 62 83 0 32 7
a 65 19 0 91 6
a 65 68 0 34 7
a 66 59 0 91 9
a 66 94 0 16 2
a 66 32 0 34 6
a 67 99 0 91 7
a 67 100 0 91 7
a 67 88 0 9 5
a 68 23 0 91 1
a 68 3 0 47 9
a 70 98 0 91 5
a 70 31 0 16 6
a 72 45 0 91 4
a 72 70 0 50 2
a 72 15 0 18 7
a 73 36 0 91 7
a 73 23 0 8 9
a 75 62 0 91 5
a 75 8 0 41 2
a 77 52 0 91 1
a 77 18 0 43 4
a 77 81 0 43 5
a 77 16 0 42 3
a 78 66 0 91 7
a 78 92 0 11 1
a 79 31 0 91 4
a 79 65 0 11 5
a 91 29 0 91 10
a 91 77 0 19 7
a 93 38 0 91 6
a 93 64 0 29 8
a 93 81 0 21 7
a 93 51 0 44 5
a 98 27 0 91 4
a 98 87 0 45 6
