c PyNETGEN v1.0.0
c $ pip install pynetgen
c
c  NETGEN flow network generation algorithm
c  Problem input parameters
c  -------------------------------------
c   Random seed:          84
c   Number of nodes:      100
c   Source nodes:         2
c   Sink nodes:           2
c   Number of arcs:       251
c   Minimum arc cost:     1
c   Maximum arc cost:     10
c   Total supply:         250
c   Transshipment -
c     Sources:            0
c     Sinks:              0
c   Skeleton arcs -
c     With max cost:      0
c     Capacitated:        100
c   Minimum arc capacity: 1
c   Maximum arc capacity: 50
c
c  *** Minimum cost flow ***
c
p min 100 251
n 1 42
n 2 208
n 99 -185
n 100 -65
a 1 21 0 42 3
a 1 90 0 15 9
a 1 9 0 27 6
a 3 50 0 42 9
a 3 63 0 36 10
a 3 40 0 18 9
a 4 70 0 42 2
a 4 49 0 28 3
a 6 20 0 42 10
a 6 71 0 36 9
a 7 9 0 42 4
a 7 99 0 40 1
a 9 26 0 42 5
a 9 13 0 9 5
a 11 33 0 42 10
a 11 81 0 47 8
a 11 84 0 28 5
a 11 74 0 11 4
a 13 60 0 42 5
a 13 10 0 35 6
a 13 27 0 15 3
a 17 49 0 42 2
a 17 34 0 41 6
a 17 21 0 38 6
a 18 54 0 42 4
a 18 11 0 47 3
a 20 64 0 42 3
a 20 25 0 6 7
a 20 48 0 28 9
a 21 45 0 42 8
a 21 95 0 16 8
a 21 66 0 1 8
a 24 87 0 42 6
a 24 84 0 35 5
a 24 50 0 16 10
a 26 27 0 42 4
a 26 43 0 6 3
a 26 92 0 45 3
a 26 74 0 39 4
a 27 92 0 42 8
a 27 30 0 13 5
a 27 76 0 34 2
a 28 46 0 42 3
a 28 69 0 9 3
a 29 71 0 42 1
a 29 26 0 40 6
a 29 57 0 40 7
a 29 78 0 4 2
a 30 98 0 42 10
a 30 27 0 15 9
a 30 31 0 22 2
a 31 63 0 42 3
a 31 32 0 22 10
a 33 7 0 42 8
a 33 13 0 15 10
a 36 6 0 42 7
a 36 57 0 12 4
a 36 25 0 11 8
a 38 74 0 42 8
a 38 75 0 44 1
a 38 58 0 18 9
a 42 55 0 42 8
a 42 90 0 35 1
a 42 72 0 32 2
a 44 18 0 42 7
a 44 62 0 1 9
a 44 55 0 19 9
a 45 30 0 42 5
a 45 23 0 29 4
a 46 4 0 42 5
a 46 79 0 6 6
a 48 17 0 42 8
a 48 96 0 24 4
a 49 65 0 42 4
a 49 37 0 10 6
a 49 44 0 14 5
a 50 95 0 42 10
a 50 85 0 16 4
a 52 93 0 42 1
a 52 41 0 31 4
a 52 78 0 22 4
a 54 62 0 42 1
a 54 45 0 24 5
a 55 68 0 42 7
a 55 16 0 29 8
a 60 28 0 42 6
a 60 93 0 10 8
a 60 75 0 24 7
a 62 81 0 42 9
a 62 57 0 11 10
a 62 50 0 3 10
a 63 80 0 42 3
a 63 94 0 42 1
a 63 91 0 21 10
a 64 96 0 42 4
a 64 93 0 4 9
a 64 69 0 48 4
a 65 100 0 42 3
a 65 50 0 5 7
a 65 59 0 2 7
a 68 13 0 42 9
a 68 20 0 35 5
a 70 48 0 42 6
a 70 83 0 42 9
a 71 38 0 42 8
a 71 7 0 23 4
a 72 3 0 42 1
a 72 63 0 34 7
a 74 78 0 42 6
a 74 99 0 42 4
a 74 58 0 35 4
a 75 72 0 42 7
a 75 41 0 30 10
a 75 54 0 20 9
a 78 94 0 42 6
a 78 57 0 48 7
a 80 86 0 42 10
a 80 88 0 50 1
a 80 12 0 11 8
a 81 24 0 42 9
a 81 82 0 22 6
a 81 14 0 6 3
a 86 11 0 42 7
a 86 16 0 10 4
a 87 29 0 42 7
a 87 64 0 40 1
a 87 90 0 23 4
a 88 52 0 42 10
a 88 83 0 7 2
a 88 62 0 17 7
a 92 88 0 42 4
a 92 45 0 26 7
a 92 62 0 29 4
a 93 44 0 42 10
a 93 39 0 22 10
a 94 36 0 42 10
a 94 45 0 3 9
a 94 80 0 15 9
a 95 31 0 42 3
a 95 64 0 38 3
a 95 59 0 21 5
a 96 42 0 42 3
a 96 85 0 35 1
a 98 75 0 42 7
a 98 11 0 39 9
a 98 80 0 22 1
a 2 79 0 208 8
a 2 67 0 6 3
a 2 33 0 5 5
a 5 12 0 208 3
a 5 45 0 35 3
a 5 35 0 16 9
a 8 25 0 208 3
a 8 44 0 32 1
a 10 58 0 208 2
a 10 86 0 28 1
a 10 33 0 16 9
a 12 40 0 208 8
a 12 10 0 47 6
a 14 67 0 208 6
a 14 19 0 1 1
a 14 55 0 44 7
a 15 89 0 208 4
a 15 32 0 47 2
a 16 83 0 208 10
a 16 43 0 3 8
a 19 39 0 208 6
a 19 27 0 18 9
a 22 51 0 208 3
a 22 11 0 40 2
a 22 96 0 8 3
a 23 32 0 208 3
a 23 61 0 28 7
a 25 69 0 208 10
a 25 58 0 1 1
a 32 100 0 208 1
a 32 41 0 43 8
a 32 6 0 43 10
a 34 99 0 208 3
a 34 59 0 208 3
a 34 79 0 15 8
a 35 15 0 208 7
a 35 53 0 9 6
a 37 47 0 208 8
a 37 33 0 23 7
a 39 14 0 208 5
a 39 88 0 49 1
a 39 82 0 13 7
a 40 19 0 208 1
a 40 77 0 43 10
a 41 61 0 208 5
a 41 54 0 15 5
a 43 82 0 208 4
a 43 76 0 38 9
a 43 81 0 48 3
a 47 91 0 208 4
a 47 84 0 44 10
a 47 26 0 47 5
a 51 57 0 208 7
a 51 45 0 43 2
a 51 56 0 14 7
a 53 90 0 208 4
a 53 87 0 19 2
a 56 97 0 208 8
a 56 48 0 14 9
a 57 8 0 208 9
a 57 70 0 12 9
a 57 60 0 18 4
a 58 66 0 208 6
a 58 91 0 1 6
a 58 80 0 13 9
a 59 10 0 208 2
a 59 79 0 23 5
a 61 76 0 208 7
a 61 41 0 15 6
a 66 53 0 208 3
a 66 11 0 9 1
a 67 23 0 208 4
a 67 52 0 3 6
a 67 51 0 2 10
a 69 35 0 208 9
a 69 60 0 26 7
a 73 16 0 208 1
a 73 14 0 43 7
a 76 77 0 208 9
a 76 3 0 43 3
a 77 56 0 208 10
a 77 12 0 14 9
a 79 34 0 208 6
a 79 22 0 43 8
a 82 22 0 208 2
a 82 36 0 50 5
a 83 37 0 208 6
a 83 63 0 36 10
a 84 43 0 208 3
a 84 29 0 27 3
a 84 33 0 23 5
a 85 41 0 208 1
a 85 44 0 26 2
a 85 13 0 14 7
a 89 73 0 208 1
a 89 7 0 45 9
a 90 84 0 208 4
a 90 4 0 3 6
a 90 26 0 9 5
a 90 5 0 21 4
a 91 85 0 208 6
a 91 16 0 13 6
a 97 5 0 208 8
a 97 81 0 16 9
a 97 40 0 49 8
