c PyNETGEN v1.0.0
c $ pip install pynetgen
c
c  NETGEN flow network generation algorithm
c  Problem input parameters
c  -------------------------------------
c   Random seed:          13
c   Number of nodes:      100
c   Source nodes:         2
c   Sink nodes:           2
c   Number of arcs:       251
c   Minimum arc cost:     1
c   Maximum arc cost:     10
c   Total supply:         250
c   Transshipment -
c     Sources:            0
c     Sinks:              0
c   Skeleton arcs -
c     With max cost:      0
c     Capacitated:        100
c   Minimum arc capacity: 1
c   Maximum arc capacity: 50
c
c  *** Minimum cost flow ***
c
p min 100 251
n 1 125
n 2 125
n 99 -130
n 100 -120
a 1 45 0 125 5
a 1 96 0 15 4
a 1 49 0 40 9
a 5 12 0 125 5
a 5 83 0 26 6
a 7 31 0 125 2
a 7 28 0 23 3
a 7 55 0 30 7
a 10 7 0 125 7
a 10 80 0 23 9
a 11 41 0 125 1
a 11 22 0 3 1
a 11 32 0 43 7
a 11 55 0 21 5
a 12 93 0 125 2
a 12 14 0 11 5
a 12 25 0 40 1
a 12 95 0 21 6
a 13 55 0 125 4
a 13 16 0 37 8
a 17 99 0 125 10
a 17 35 0 125 6
a 17 43 0 11 2
a 19 47 0 125 1
a 19 24 0 33 5
a 21 5 0 125 8
a 21 67 0 39 6
a 23 11 0 125 8
a 23 53 0 6 1
a 23 38 0 24 9
a 24 40 0 125 1
a 24 98 0 38 7
a 25 42 0 125 3
a 25 12 0 7 9
a 26 30 0 125 4
a 26 13 0 44 8
a 27 84 0 125 9
a 27 23 0 11 3
a 27 28 0 40 5
a 27 72 0 44 7
a 30 24 0 125 8
a 30 18 0 10 7
a 31 75 0 125 10
a 31 28 0 3 7
a 31 29 0 25 2
a 31 89 0 10 7
a 35 19 0 125 8
a 35 90 0 34 8
a 36 100 0 125 5
a 36 55 0 31 6
a 37 94 0 125 7
a 37 70 0 2 9
a 37 25 0 18 9
a 37 35 0 27 1
a 40 37 0 125 5
a 40 32 0 20 7
a 41 36 0 125 6
a 41 19 0 6 4
a 42 27 0 125 7
a 42 29 0 4 9
a 45 91 0 125 4
a 45 14 0 39 2
a 45 8 0 49 2
a 45 46 0 21 2
a 47 51 0 125 7
a 47 83 0 12 1
a 50 79 0 125 5
a 50 100 0 30 6
a 50 75 0 23 4
a 51 50 0 125 4
a 51 32 0 11 8
a 51 8 0 27 6
a 51 5 0 20 3
a 52 67 0 125 7
a 52 26 0 4 9
a 53 71 0 125 5
a 53 38 0 46 2
a 53 76 0 6 9
a 53 49 0 17 10
a 55 87 0 125 7
a 55 10 0 32 7
a 56 26 0 125 3
a 56 88 0 24 3
a 59 13 0 125 9
a 59 83 0 38 5
a 59 98 0 8 3
a 66 21 0 125 3
a 66 27 0 14 6
a 66 62 0 21 10
a 67 66 0 125 10
a 67 22 0 45 8
a 71 80 0 125 5
a 71 50 0 7 10
a 74 59 0 125 2
a 74 47 0 32 1
a 75 25 0 125 1
a 75 74 0 5 10
a 75 95 0 12 4
a 75 22 0 14 4
a 76 10 0 125 4
a 76 35 0 20 2
a 76 23 0 35 10
a 79 76 0 125 6
a 79 33 0 20 2
a 79 92 0 41 3
a 80 86 0 125 1
a 80 10 0 47 8
a 80 21 0 32 9
a 84 23 0 125 3
a 84 53 0 49 4
a 86 52 0 125 10
a 86 14 0 49 6
a 86 66 0 24 2
a 87 56 0 125 6
a 87 43 0 1 4
a 91 74 0 125 1
a 91 41 0 17 8
a 91 62 0 4 5
a 93 17 0 125 10
a 93 20 0 45 5
a 94 53 0 125 8
a 94 78 0 8 9
a 94 92 0 29 8
a 2 81 0 125 6
a 2 62 0 4 6
a 2 16 0 3 10
a 3 100 0 125 1
a 3 86 0 8 6
a 3 31 0 49 5
a 4 34 0 125 3
a 4 85 0 5 5
a 6 43 0 125 8
a 6 50 0 4 5
a 6 23 0 9 1
a 8 57 0 125 8
a 8 82 0 47 7
a 9 3 0 125 3
a 9 15 0 48 1
a 14 98 0 125 4
a 14 9 0 48 10
a 14 78 0 19 7
a 15 70 0 125 4
a 15 18 0 1 3
a 16 83 0 125 1
a 16 3 0 11 8
a 16 98 0 17 9
a 18 62 0 125 6
a 18 12 0 43 6
a 20 4 0 125 4
a 20 60 0 26 1
a 20 15 0 7 1
a 22 78 0 125 10
a 22 40 0 14 6
a 22 77 0 13 2
a 28 73 0 125 7
a 28 97 0 47 3
a 29 82 0 125 9
a 29 51 0 26 9
a 32 69 0 125 8
a 32 33 0 14 8
a 32 38 0 38 9
a 33 16 0 125 2
a 33 70 0 29 2
a 34 8 0 125 6
a 34 70 0 29 5
a 38 88 0 125 2
a 38 56 0 16 3
a 38 16 0 50 7
a 39 22 0 125 2
a 39 15 0 7 8
a 43 60 0 125 6
a 43 28 0 24 4
a 43 86 0 50 6
a 44 77 0 125 1
a 44 46 0 45 5
a 44 96 0 19 4
a 46 28 0 125 8
a 46 30 0 47 9
a 48 85 0 125 1
a 48 40 0 39 8
a 48 35 0 2 3
a 49 18 0 125 7
a 49 36 0 29 3
a 54 49 0 125 9
a 54 38 0 1 6
a 54 4 0 31 4
a 57 72 0 125 5
a 57 27 0 46 4
a 57 84 0 36 7
a 58 14 0 125 9
a 58 21 0 24 4
a 58 49 0 16 5
a 60 38 0 125 8
a 60 24 0 17 4
a 61 95 0 125 2
a 61 77 0 27 4
a 62 64 0 125 3
a 62 27 0 14 10
a 63 92 0 125 1
a 63 56 0 15 9
a 63 60 0 9 2
a 64 90 0 125 2
a 64 63 0 42 8
a 64 30 0 49 10
a 65 68 0 125 9
a 65 46 0 24 1
a 65 12 0 31 10
a 68 48 0 125 10
a 68 44 0 15 3
a 68 16 0 6 5
a 69 58 0 125 10
a 69 28 0 41 8
a 69 17 0 24 9
a 70 61 0 125 5
a 70 54 0 11 1
a 72 96 0 125 8
a 72 30 0 29 7
a 72 50 0 23 2
a 73 99 0 125 7
a 73 44 0 125 4
a 73 83 0 35 9
a 73 81 0 34 2
a 77 6 0 125 4
a 77 23 0 1 6
a 78 33 0 125 8
a 78 3 0 11 1
a 81 46 0 125 1
a 81 63 0 11 8
a 82 9 0 125 4
a 82 54 0 13 1
a 82 92 0 24 7
a 83 54 0 125 8
a 83 89 0 6 10
a 85 29 0 125 9
a 85 97 0 43 8
a 88 39 0 125 1
a 88 76 0 40 3
a 89 15 0 125 3
a 89 41 0 44 2
a 90 20 0 125 2
a 90 45 0 14 3
a 92 89 0 125 7
a 92 99 0 18 2
a 95 97 0 125 8
a 95 71 0 19 4
a 96 32 0 125 10
a 96 6 0 9 9
a 97 65 0 125 3
a 97 72 0 30 8
a 98 63 0 125 1
a 98 39 0 19 8
