c PyNETGEN v1.0.0
c $ pip install pynetgen
c
c  NETGEN flow network generation algorithm
c  Problem input parameters
c  -------------------------------------
c   Random seed:          99
c   Number of nodes:      100
c   Source nodes:         2
c   Sink nodes:           2
c   Number of arcs:       251
c   Minimum arc cost:     1
c   Maximum arc cost:     10
c   Total supply:         250
c   Transshipment -
c     Sources:            0
c     Sinks:              0
c   Skeleton arcs -
c     With max cost:      0
c     Capacitated:        100
c   Minimum arc capacity: 1
c   Maximum arc capacity: 50
c
c  *** Minimum cost flow ***
c
p min 100 251
n 1 125
n 2 125
n 99 -129
n 100 -121
a 1 48 0 125 4
a 1 36 0 40 4
a 1 30 0 29 2
a 3 50 0 125 2
a 3 57 0 7 9
a 3 69 0 11 8
a 5 28 0 125 8
a 5 15 0 9 9
a 8 47 0 125 9
a 8 82 0 6 3
a 8 79 0 45 3
a 10 15 0 125 8
a 10 49 0 1 2
a 12 90 0 125 4
a 12 28 0 19 8
a 12 25 0 19 2
a 12 91 0 47 10
a 14 52 0 125 9
a 14 65 0 41 3
a 14 53 0 25 1
a 14 90 0 34 5
a 15 8 0 125 8
a 15 71 0 1 2
a 15 56 0 34 2
a 15 80 0 19 8
a 16 67 0 125 7
a 16 73 0 43 5
a 19 74 0 125 10
a 19 27 0 19 5
a 19 46 0 10 4
a 19 23 0 16 5
a 22 19 0 125 1
a 22 25 0 24 2
a 22 14 0 1 5
a 25 60 0 125 2
a 25 53 0 38 7
a 27 78 0 125 3
a 27 40 0 50 9
a 27 14 0 19 1
a 28 14 0 125 7
a 28 98 0 21 4
a 29 88 0 125 9
a 29 41 0 17 2
a 29 19 0 37 3
a 31 54 0 125 8
a 31 52 0 37 6
a 31 5 0 34 5
a 35 75 0 125 4
a 35 95 0 46 1
a 37 100 0 125 6
a 37 35 0 125 9
a 37 46 0 18 8
a 40 27 0 125 8
a 40 28 0 2 5
a 45 40 0 125 4
a 45 68 0 47 2
a 45 47 0 22 8
a 46 80 0 125 10
a 46 50 0 2 5
a 46 45 0 20 8
a 47 79 0 125 8
a 47 75 0 25 2
a 48 72 0 125 1
a 48 67 0 45 7
a 50 22 0 125 3
a 50 95 0 18 1
a 50 7 0 11 8
a 52 3 0 125 5
a 52 5 0 34 10
a 52 22 0 33 7
a 53 73 0 125 9
a 53 71 0 12 2
a 54 46 0 125 4
a 54 6 0 37 4
a 54 41 0 37 5
a 60 5 0 125 10
a 60 46 0 40 3
a 63 53 0 125 4
a 63 95 0 24 3
a 63 8 0 6 8
a 66 91 0 125 6
a 66 48 0 10 3
a 67 37 0 125 2
a 67 76 0 35 2
a 67 78 0 40 1
a 72 31 0 125 9
a 72 87 0 36 3
a 72 30 0 25 8
a 73 99 0 125 3
a 73 55 0 28 9
a 73 95 0 6 9
a 74 10 0 125 4
a 74 5 0 31 1
a 74 33 0 23 7
a 75 29 0 125 4
a 75 96 0 9 8
a 76 66 0 125 4
a 76 65 0 21 2
a 78 76 0 125 1
a 78 92 0 20 5
a 79 12 0 125 2
a 79 64 0 31 2
a 79 58 0 16 4
a 80 45 0 125 6
a 80 23 0 46 4
a 80 66 0 17 5
a 83 85 0 125 4
a 83 63 0 8 5
a 85 63 0 125 10
a 85 54 0 25 4
a 85 88 0 2 2
a 88 83 0 125 1
a 88 53 0 50 1
a 90 16 0 125 8
a 90 64 0 40 5
a 91 25 0 125 6
a 91 28 0 37 1
a 91 39 0 32 7
a 2 26 0 125 2
a 2 53 0 34 8
a 4 77 0 125 1
a 4 26 0 15 10
a 4 75 0 43 2
a 6 39 0 125 7
a 6 10 0 46 7
a 7 42 0 125 3
a 7 71 0 17 5
a 7 10 0 31 2
a 9 44 0 125 5
a 9 43 0 8 3
a 11 9 0 125 7
a 11 88 0 17 6
a 11 44 0 26 7
a 13 49 0 125 4
a 13 77 0 7 9
a 17 100 0 125 5
a 17 23 0 125 9
a 17 47 0 36 6
a 18 92 0 125 2
a 18 26 0 8 1
a 20 7 0 125 9
a 20 14 0 16 8
a 20 34 0 44 7
a 21 61 0 125 6
a 21 51 0 50 5
a 21 10 0 1 1
a 23 51 0 125 1
a 23 94 0 17 5
a 23 93 0 39 10
a 24 17 0 125 3
a 24 59 0 40 6
a 24 74 0 48 9
a 26 98 0 125 3
a 26 10 0 31 7
a 26 58 0 9 1
a 30 13 0 125 7
a 30 9 0 1 2
a 32 20 0 125 9
a 32 41 0 40 2
a 33 89 0 125 4
a 33 87 0 6 2
a 34 64 0 125 5
a 34 17 0 9 6
a 36 94 0 125 4
a 36 56 0 38 7
a 38 84 0 125 7
a 38 55 0 45 8
a 38 96 0 46 6
a 39 24 0 125 10
a 39 42 0 9 4
a 39 8 0 31 1
a 41 18 0 125 8
a 41 63 0 32 10
a 42 33 0 125 4
a 42 10 0 12 7
a 42 84 0 18 2
a 43 96 0 125 10
a 43 13 0 29 1
a 43 74 0 40 8
a 44 82 0 125 9
a 44 76 0 21 2
a 44 10 0 22 3
a 49 87 0 125 4
a 49 82 0 2 8
a 51 55 0 125 8
a 51 83 0 42 8
a 51 47 0 37 6
a 55 62 0 125 5
a 55 3 0 27 10
a 55 84 0 43 4
a 56 70 0 125 2
a 56 21 0 35 6
a 56 51 0 17 5
a 57 41 0 125 2
a 57 4 0 49 6
a 57 66 0 20 1
a 58 21 0 125 8
a 58 30 0 46 10
a 58 35 0 39 2
a 59 93 0 125 8
a 59 26 0 30 6
a 59 95 0 7 5
a 61 68 0 125 6
a 61 91 0 35 4
a 62 56 0 125 6
a 62 73 0 20 3
a 64 99 0 125 7
a 64 86 0 37 2
a 65 97 0 125 6
a 65 80 0 46 6
a 68 57 0 125 9
a 68 49 0 9 5
a 68 16 0 12 9
a 69 4 0 125 4
a 69 96 0 38 10
a 69 76 0 18 8
a 70 11 0 125 8
a 70 85 0 9 10
a 70 40 0 21 3
a 71 58 0 125 8
a 71 10 0 42 7
a 77 59 0 125 5
a 77 31 0 7 6
a 77 100 0 5 3
a 81 69 0 125 5
a 81 3 0 43 8
a 81 42 0 21 2
a 82 38 0 125 1
a 82 14 0 18 8
a 84 71 0 125 6
a 84 82 0 25 9
a 86 36 0 125 8
a 86 3 0 7 10
a 87 65 0 125 1
a 87 88 0 45 8
a 89 30 0 125 9
a 89 60 0 4 1
a 92 43 0 125 8
a 92 8 0 6 5
a 93 32 0 125 5
a 93 34 0 9 5
a 94 95 0 125 6
a 94 17 0 16 9
a 95 6 0 125 6
a 95 16 0 23 9
a 96 34 0 125 4
a 96 19 0 40 5
a 97 86 0 125 2
a 97 32 0 9 1
a 98 81 0 125 10
a 98 36 0 44 8
