c PyNETGEN v1.0.0
c $ pip install pynetgen
c
c  NETGEN flow network generation algorithm
c  Problem input parameters
c  -------------------------------------
c   Random seed:          72
c   Number of nodes:      100
c   Source nodes:         2
c   Sink nodes:           2
c   Number of arcs:       251
c   Minimum arc cost:     1
c   Maximum arc cost:     10
c   Total supply:         250
c   Transshipment -
c     Sources:            0
c     Sinks:              0
c   Skeleton arcs -
c     With max cost:      0
c     Capacitated:        100
c   Minimum arc capacity: 1
c   Maximum arc capacity: 50
c
c  *** Minimum cost flow ***
c
p min 100 251
n 1 105
n 2 145
n 99 -160
n 100 -90
a 1 18 0 105 4
a 1 37 0 5 2
a 6 46 0 105 3
a 6 78 0 21 3
a 11 13 0 105 1
a 11 57 0 50 8
a 11 14 0 34 9
a 11 54 0 25 1
a 13 23 0 105 9
a 13 43 0 7 6
a 13 76 0 18 5
a 13 4 0 13 8
a 15 21 0 105 2
a 15 22 0 10 7
a 15 98 0 17 8
a 18 15 0 105 10
a 18 76 0 1 6
a 21 79 0 105 2
a 21 92 0 40 5
a 21 56 0 23 10
a 21 17 0 21 3
a 23 53 0 105 7
a 23 43 0 13 10
a 23 33 0 10 7
a 24 11 0 105 6
a 24 26 0 19 7
a 24 42 0 39 9
a 26 99 0 105 5
a 26 79 0 17 6
a 27 43 0 105 4
a 27 16 0 29 5
a 34 27 0 105 6
a 34 26 0 41 1
a 34 4 0 28 5
a 38 75 0 105 4
a 38 63 0 26 2
a 38 64 0 33 6
a 38 20 0 11 4
a 39 49 0 105 5
a 39 73 0 39 7
a 39 88 0 23 8
a 42 76 0 105 6
a 42 54 0 19 2
a 43 69 0 105 6
a 43 12 0 43 1
a 46 60 0 105 3
a 46 73 0 29 2
a 46 68 0 9 9
a 49 38 0 105 2
a 49 80 0 50 4
a 51 91 0 105 8
a 51 72 0 2 7
a 51 26 0 6 2
a 52 51 0 105 2
a 52 68 0 42 6
a 53 42 0 105 4
a 53 29 0 10 9
a 53 93 0 2 7
a 57 64 0 105 5
a 57 65 0 16 2
a 58 6 0 105 5
a 58 27 0 27 10
a 58 73 0 39 4
a 60 34 0 105 10
a 60 25 0 1 9
a 60 42 0 1 4
a 61 73 0 105 8
a 61 90 0 29 2
a 61 15 0 9 4
a 64 39 0 105 7
a 64 87 0 20 2
a 65 84 0 105 4
a 65 8 0 22 6
a 67 52 0 105 1
a 67 37 0 39 10
a 69 83 0 105 10
a 69 92 0 42 1
a 71 74 0 105 1
a 71 53 0 22 3
a 72 78 0 105 7
a 72 93 0 27 2
a 72 54 0 10 2
a 73 93 0 105 2
a 73 67 0 17 4
a 74 26 0 105 4
a 74 94 0 12 4
a 75 72 0 105 3
a 75 100 0 105 4
a 75 23 0 31 1
a 75 34 0 46 2
a 75 73 0 22 1
a 76 65 0 105 3
a 76 94 0 30 10
a 76 16 0 44 10
a 78 96 0 105 1
a 78 34 0 2 9
a 78 89 0 44 10
a 79 58 0 105 7
a 79 22 0 12 3
a 79 76 0 14 6
a 83 92 0 105 1
a 83 61 0 14 2
a 84 95 0 105 7
a 84 76 0 17 5
a 91 24 0 105 2
a 91 81 0 45 8
a 91 75 0 28 2
a 92 67 0 105 6
a 92 51 0 4 1
a 92 75 0 8 4
a 93 97 0 105 2
a 93 20 0 29 8
a 95 57 0 105 4
a 95 73 0 37 10
a 95 99 0 20 7
a 96 61 0 105 7
a 96 62 0 13 4
a 97 71 0 105 5
a 97 85 0 23 5
a 97 26 0 43 1
a 2 81 0 145 7
a 2 77 0 39 8
a 3 41 0 145 1
a 3 5 0 21 6
a 4 45 0 145 7
a 4 83 0 42 3
a 4 22 0 49 4
a 5 30 0 145 4
a 5 28 0 11 3
a 7 36 0 145 1
a 7 70 0 1 2
a 8 55 0 145 3
a 8 34 0 40 3
a 9 77 0 145 2
a 9 71 0 38 4
a 9 27 0 13 4
a 10 32 0 145 7
a 10 4 0 2 9
a 10 25 0 19 6
a 12 20 0 145 5
a 12 28 0 36 7
a 12 81 0 48 3
a 14 99 0 145 3
a 14 23 0 6 9
a 14 73 0 5 1
a 16 82 0 145 7
a 16 63 0 37 10
a 16 28 0 33 9
a 17 48 0 145 5
a 17 64 0 32 5
a 19 98 0 145 7
a 19 38 0 26 4
a 19 49 0 17 8
a 20 22 0 145 10
a 20 54 0 33 3
a 22 54 0 145 8
a 22 62 0 42 1
a 25 16 0 145 4
a 25 9 0 11 7
a 25 13 0 13 5
a 28 59 0 145 1
a 28 38 0 24 7
a 28 37 0 35 9
a 29 7 0 145 8
a 29 30 0 20 1
a 30 33 0 145 10
a 30 42 0 48 6
a 30 99 0 37 1
a 31 37 0 145 9
a 31 76 0 5 6
a 31 40 0 44 10
a 32 50 0 145 8
a 32 5 0 12 5
a 33 94 0 145 2
a 33 13 0 38 7
a 33 55 0 3 9
a 35 56 0 145 6
a 35 54 0 8 9
a 35 73 0 24 5
a 36 19 0 145 1
a 36 29 0 47 2
a 37 100 0 145 10
a 37 35 0 145 5
a 37 85 0 6 10
a 37 58 0 27 1
a 40 62 0 145 5
a 40 6 0 1 1
a 40 87 0 31 9
a 41 89 0 145 3
a 41 52 0 50 2
a 41 26 0 47 3
a 44 4 0 145 6
a 44 80 0 45 4
a 45 90 0 145 9
a 45 65 0 6 10
a 47 66 0 145 8
a 47 30 0 29 5
a 48 85 0 145 9
a 48 57 0 38 3
a 48 66 0 24 7
a 50 40 0 145 3
a 50 90 0 38 4
a 54 14 0 145 6
a 54 67 0 7 1
a 54 33 0 13 8
a 55 17 0 145 5
a 55 97 0 18 3
a 55 66 0 21 10
a 56 68 0 145 9
a 56 40 0 38 2
a 59 47 0 145 9
a 59 10 0 14 3
a 62 88 0 145 10
a 62 96 0 48 3
a 63 80 0 145 9
a 63 51 0 27 7
a 66 5 0 145 6
a 66 45 0 29 4
a 68 9 0 145 8
a 68 100 0 9 5
a 70 29 0 145 3
a 70 72 0 43 8
a 70 36 0 23 4
a 77 12 0 145 1
a 77 86 0 40 4
a 80 10 0 145 10
a 80 42 0 46 8
a 80 65 0 26 5
a 81 3 0 145 6
a 81 15 0 3 8
a 82 8 0 145 1
a 82 50 0 22 2
a 85 70 0 145 9
a 85 58 0 10 4
a 85 68 0 33 7
a 86 63 0 145 10
a 86 26 0 27 10
a 87 25 0 145 10
a 87 99 0 22 9
a 88 31 0 145 5
a 88 43 0 29 3
a 88 48 0 45 2
a 89 28 0 145 3
a 89 50 0 46 9
a 89 93 0 36 1
a 90 87 0 145 9
a 90 40 0 43 8
a 94 44 0 145 10
a 94 69 0 25 3
a 98 86 0 145 8
a 98 27 0 43 6
