c PyNETGEN v1.0.0
c $ pip install pynetgen
c
c  NETGEN flow network generation algorithm
c  Problem input parameters
c  -------------------------------------
c   Random seed:          34
c   Number of nodes:      100
c   Source nodes:         2
c   Sink nodes:           2
c   Number of arcs:       251
c   Minimum arc cost:     1
c   Maximum arc cost:     10
c   Total supply:         250
c   Transshipment -
c     Sources:            0
c     Sinks:              0
c   Skeleton arcs -
c     With max cost:      0
c     Capacitated:        100
c   Minimum arc capacity: 1
c   Maximum arc capacity: 50
c
c  *** Minimum cost flow ***
c
p min 100 251
n 1 125
n 2 125
n 99 -144
n 100 -106
a 1 58 0 125 4
a 1 53 0 17 6
a 1 98 0 34 6
a 1 41 0 32 9
a 4 60 0 125 3
a 4 97 0 47 7
a 4 96 0 3 7
a 7 97 0 125 1
a 7 33 0 30 10
a 8 95 0 125 4
a 8 42 0 45 4
a 8 19 0 26 2
a 11 68 0 125 9
a 11 84 0 12 1
a 11 88 0 49 4
a 11 85 0 10 6
a 12 26 0 125 6
a 12 32 0 50 1
a 16 50 0 125 6
a 16 59 0 33 4
a 16 41 0 36 1
a 18 59 0 125 6
a 18 74 0 43 8
a 19 88 0 125 6
a 19 22 0 34 8
a 24 74 0 125 7
a 24 13 0 15 9
a 24 77 0 23 1
a 24 11 0 16 7
a 26 44 0 125 8
a 26 7 0 25 7
a 28 56 0 125 6
a 28 13 0 43 8
a 30 80 0 125 5
a 30 27 0 45 10
a 32 8 0 125 1
a 32 56 0 20 8
a 32 64 0 40 6
a 32 100 0 37 8
a 34 18 0 125 2
a 34 76 0 46 4
a 34 88 0 36 4
a 34 78 0 1 4
a 35 89 0 125 8
a 35 88 0 3 6
a 36 92 0 125 1
a 36 75 0 21 10
a 38 79 0 125 7
a 38 74 0 22 7
a 38 59 0 46 8
a 40 78 0 125 4
a 40 34 0 36 8
a 40 100 0 41 2
a 42 16 0 125 6
a 42 45 0 26 3
a 42 100 0 2 8
a 44 42 0 125 8
a 44 89 0 24 4
a 45 100 0 125 6
a 45 87 0 125 5
a 45 36 0 21 1
a 46 30 0 125 5
a 46 82 0 41 8
a 46 72 0 42 3
a 47 24 0 125 4
a 47 19 0 13 1
a 47 11 0 41 6
a 50 36 0 125 10
a 50 5 0 21 10
a 52 35 0 125 6
a 52 29 0 10 4
a 52 15 0 20 7
a 53 32 0 125 3
a 53 87 0 48 2
a 56 69 0 125 3
a 56 64 0 35 1
a 56 14 0 9 9
a 58 98 0 125 3
a 58 82 0 35 5
a 59 40 0 125 4
a 59 48 0 22 4
a 60 45 0 125 4
a 60 29 0 2 7
a 61 71 0 125 6
a 61 73 0 5 8
a 61 46 0 19 1
a 63 46 0 125 4
a 63 10 0 48 10
a 63 34 0 31 6
a 64 52 0 125 10
a 64 84 0 27 5
a 64 68 0 14 8
a 67 19 0 125 5
a 67 43 0 6 7
a 68 73 0 125 10
a 68 98 0 50 1
a 68 44 0 18 1
a 69 75 0 125 7
a 69 84 0 40 9
a 69 45 0 2 7
a 70 64 0 125 2
a 70 52 0 8 5
a 71 53 0 125 6
a 71 25 0 15 3
a 71 21 0 34 8
a 73 63 0 125 4
a 73 7 0 2 9
a 74 70 0 125 10
a 74 55 0 31 3
a 75 61 0 125 3
a 75 43 0 45 5
a 75 63 0 42 5
a 78 4 0 125 2
a 78 96 0 14 8
a 78 100 0 28 10
a 79 28 0 125 6
a 79 30 0 1 3
a 79 44 0 14 5
a 80 99 0 125 4
a 80 36 0 46 2
a 80 88 0 24 10
a 87 67 0 125 6
a 87 25 0 48 1
a 87 53 0 14 2
a 88 38 0 125 4
a 88 53 0 49 8
a 89 34 0 125 2
a 89 65 0 37 2
a 89 87 0 5 4
a 92 47 0 125 7
a 92 38 0 23 2
a 95 7 0 125 6
a 95 36 0 12 9
a 95 22 0 32 8
a 97 11 0 125 9
a 97 64 0 22 5
a 97 59 0 16 10
a 98 12 0 125 3
a 98 66 0 21 9
a 98 33 0 22 2
a 2 27 0 125 1
a 2 38 0 33 10
a 3 84 0 125 4
a 3 99 0 125 3
a 3 36 0 13 6
a 5 94 0 125 8
a 5 8 0 3 10
a 6 43 0 125 2
a 6 16 0 31 9
a 6 34 0 14 4
a 9 23 0 125 6
a 9 29 0 31 8
a 10 20 0 125 4
a 10 75 0 30 4
a 10 15 0 23 9
a 13 91 0 125 4
a 13 93 0 48 2
a 14 96 0 125 6
a 14 97 0 47 1
a 15 6 0 125 10
a 15 52 0 11 4
a 17 10 0 125 4
a 17 6 0 38 4
a 17 88 0 44 6
a 20 100 0 125 6
a 20 55 0 18 5
a 20 49 0 17 4
a 21 81 0 125 6
a 21 49 0 22 10
a 22 41 0 125 6
a 22 50 0 12 1
a 23 54 0 125 9
a 23 81 0 9 5
a 25 29 0 125 6
a 25 21 0 34 4
a 25 23 0 19 9
a 27 77 0 125 6
a 27 76 0 28 1
a 27 18 0 45 9
a 29 37 0 125 5
a 29 8 0 49 8
a 31 3 0 125 7
a 31 81 0 7 6
a 33 62 0 125 9
a 33 3 0 23 5
a 33 41 0 46 2
a 37 31 0 125 2
a 37 72 0 18 5
a 37 52 0 7 3
a 39 83 0 125 3
a 39 45 0 20 9
a 39 88 0 6 6
a 41 76 0 125 10
a 41 23 0 4 4
a 43 14 0 125 10
a 43 20 0 42 9
a 48 66 0 125 1
a 48 47 0 21 10
a 48 62 0 36 3
a 49 93 0 125 10
a 49 59 0 48 7
a 51 55 0 125 3
a 51 15 0 32 3
a 51 98 0 20 5
a 54 15 0 125 2
a 54 85 0 3 9
a 55 72 0 125 8
a 55 47 0 36 8
a 57 49 0 125 5
a 57 85 0 7 8
a 57 90 0 40 8
a 62 21 0 125 1
a 62 24 0 41 5
a 65 82 0 125 7
a 65 47 0 8 4
a 65 22 0 23 1
a 66 57 0 125 2
a 66 34 0 37 1
a 66 5 0 42 4
a 72 90 0 125 10
a 72 18 0 16 2
a 76 48 0 125 1
a 76 42 0 39 10
a 77 5 0 125 9
a 77 74 0 20 8
a 81 39 0 125 4
a 81 79 0 9 3
a 82 22 0 125 5
a 82 14 0 41 1
a 82 29 0 36 5
a 83 17 0 125 1
a 83 82 0 47 10
a 84 86 0 125 9
a 84 83 0 32 6
a 85 9 0 125 10
a 85 45 0 40 2
a 86 85 0 125 7
a 86 19 0 39 10
a 90 33 0 125 6
a 90 72 0 1 3
a 90 89 0 38 2
a 91 25 0 125 3
a 91 90 0 22 9
a 93 51 0 125 6
a 93 57 0 21 5
a 94 13 0 125 6
a 94 33 0 41 9
a 96 65 0 125 10
a 96 11 0 11 6
a 96 37 0 34 1
a 96 27 0 45 4
