c PyNETGEN v1.0.0
c $ pip install pynetgen
c
c  NETGEN flow network generation algorithm
c  Problem input parameters
c  -------------------------------------
c   Random seed:          65
c   Number of nodes:      100
c   Source nodes:         2
c   Sink nodes:           2
c   Number of arcs:       251
c   Minimum arc cost:     1
c   Maximum arc cost:     10
c   Total supply:         250
c   Transshipment -
c     Sources:            0
c     Sinks:              0
c   Skeleton arcs -
c     With max cost:      0
c     Capacitated:        100
c   Minimum arc capacity: 1
c   Maximum arc capacity: 50
c
c  *** Minimum cost flow ***
c
p min 100 251
n 1 81
n 2 169
n 99 -175
n 100 -75
a 1 89 0 81 1
a 1 82 0 21 6
a 6 25 0 81 6
a 6 15 0 21 10
a 6 29 0 32 8
a 6 76 0 15 2
a 7 41 0 81 3
a 7 59 0 46 3
a 11 46 0 81 7
a 11 29 0 23 3
a 14 52 0 81 1
a 14 67 0 23 1
a 14 42 0 20 10
a 14 73 0 13 7
a 16 65 0 81 8
a 16 23 0 7 4
a 16 100 0 49 4
a 17 47 0 81 10
a 17 85 0 16 3
a 17 22 0 40 8
a 17 99 0 49 2
a 19 50 0 81 3
a 19 98 0 6 5
a 19 56 0 16 7
a 19 30 0 33 8
a 20 82 0 81 1
a 20 62 0 26 7
a 20 83 0 5 3
a 22 42 0 81 4
a 22 13 0 50 10
a 22 76 0 39 9
a 24 31 0 81 3
a 24 13 0 32 5
a 24 42 0 47 5
a 25 86 0 81 5
a 25 29 0 45 6
a 29 73 0 81 1
a 29 88 0 11 4
a 29 96 0 30 4
a 31 6 0 81 3
a 31 58 0 23 8
a 31 59 0 34 6
a 36 94 0 81 4
a 36 26 0 40 6
a 36 28 0 6 10
a 38 22 0 81 4
a 38 91 0 11 6
a 38 28 0 48 4
a 40 96 0 81 5
a 40 4 0 38 4
a 40 45 0 45 7
a 41 36 0 81 3
a 41 61 0 41 5
a 41 32 0 7 9
a 42 64 0 81 7
a 42 88 0 31 3
a 45 99 0 81 1
a 45 48 0 22 5
a 46 38 0 81 10
a 46 28 0 47 1
a 46 66 0 46 5
a 47 91 0 81 5
a 47 3 0 6 3
a 47 9 0 12 4
a 48 17 0 81 5
a 48 57 0 1 4
a 49 19 0 81 3
a 49 5 0 32 8
a 50 14 0 81 8
a 50 41 0 25 8
a 51 29 0 81 8
a 51 44 0 26 1
a 52 11 0 81 3
a 52 37 0 3 8
a 55 93 0 81 10
a 55 83 0 18 5
a 55 69 0 15 8
a 58 49 0 81 4
a 58 68 0 46 8
a 58 43 0 17 5
a 64 51 0 81 7
a 64 56 0 40 5
a 65 58 0 81 3
a 65 100 0 29 1
a 65 29 0 21 9
a 68 7 0 81 7
a 68 39 0 48 2
a 69 20 0 81 9
a 69 88 0 8 1
a 69 81 0 10 6
a 71 74 0 81 5
a 71 95 0 43 9
a 73 83 0 81 2
a 73 42 0 31 3
a 74 68 0 81 1
a 74 90 0 35 4
a 81 69 0 81 2
a 81 37 0 28 6
a 81 90 0 28 5
a 82 16 0 81 9
a 82 33 0 18 1
a 82 91 0 8 10
a 83 90 0 81 9
a 83 34 0 6 5
a 86 81 0 81 7
a 86 45 0 16 9
a 86 44 0 36 3
a 89 71 0 81 4
a 89 98 0 7 2
a 90 45 0 81 9
a 90 22 0 18 2
a 90 52 0 35 3
a 91 40 0 81 2
a 91 4 0 23 3
a 93 24 0 81 6
a 93 100 0 81 1
a 93 8 0 37 9
a 93 48 0 16 10
a 94 95 0 81 5
a 94 21 0 27 10
a 94 43 0 39 6
a 95 48 0 81 9
a 95 77 0 44 6
a 96 55 0 81 9
a 96 46 0 30 6
a 96 19 0 29 5
a 2 98 0 169 10
a 2 29 0 42 5
a 2 40 0 3 3
a 3 35 0 169 10
a 3 86 0 33 4
a 4 92 0 169 6
a 4 71 0 28 3
a 4 93 0 50 4
a 5 9 0 169 2
a 5 74 0 40 4
a 8 100 0 169 10
a 8 88 0 45 3
a 9 27 0 169 2
a 9 38 0 42 6
a 10 21 0 169 1
a 10 35 0 16 10
a 10 94 0 1 4
a 12 44 0 169 4
a 12 38 0 10 6
a 12 78 0 31 4
a 13 28 0 169 8
a 13 53 0 23 8
a 15 79 0 169 2
a 15 88 0 26 10
a 15 57 0 37 7
a 18 84 0 169 2
a 18 57 0 22 8
a 18 72 0 14 5
a 21 88 0 169 10
a 21 83 0 34 10
a 23 78 0 169 1
a 23 18 0 38 7
a 23 56 0 42 6
a 26 32 0 169 5
a 26 52 0 39 7
a 26 36 0 15 4
a 27 85 0 169 10
a 27 13 0 29 7
a 27 15 0 47 4
a 28 80 0 169 9
a 28 44 0 32 10
a 28 70 0 2 4
a 30 66 0 169 2
a 30 64 0 40 2
a 32 13 0 169 8
a 32 4 0 28 8
a 32 23 0 46 6
a 33 57 0 169 3
a 33 24 0 24 7
a 33 68 0 44 8
a 34 15 0 169 6
a 34 9 0 31 10
a 35 39 0 169 7
a 35 30 0 47 2
a 35 67 0 15 10
a 37 34 0 169 3
a 37 41 0 3 1
a 39 67 0 169 10
a 39 99 0 169 6
a 39 31 0 44 4
a 39 6 0 46 4
a 43 56 0 169 5
a 43 64 0 18 8
a 44 18 0 169 8
a 44 41 0 50 8
a 44 95 0 30 8
a 53 62 0 169 8
a 53 63 0 19 10
a 54 59 0 169 10
a 54 19 0 26 3
a 56 30 0 169 5
a 56 83 0 23 8
a 56 73 0 1 10
a 57 5 0 169 6
a 57 100 0 30 10
a 57 79 0 25 9
a 59 12 0 169 2
a 59 9 0 13 7
a 59 41 0 45 4
a 60 43 0 169 8
a 60 97 0 7 3
a 60 84 0 49 5
a 61 63 0 169 9
a 61 97 0 37 9
a 62 76 0 169 10
a 62 29 0 49 10
a 62 43 0 22 2
a 63 26 0 169 8
a 63 83 0 31 4
a 66 87 0 169 6
a 66 44 0 27 7
a 67 4 0 169 3
a 67 49 0 30 10
a 70 53 0 169 6
a 70 26 0 27 3
a 72 3 0 169 5
a 72 24 0 19 7
a 75 10 0 169 4
a 75 45 0 36 3
a 76 37 0 169 10
a 76 7 0 10 10
a 77 54 0 169 7
a 77 34 0 25 5
a 77 95 0 11 3
a 78 72 0 169 2
a 78 68 0 39 9
a 79 77 0 169 6
a 79 11 0 47 1
a 80 75 0 169 3
a 80 93 0 7 7
a 84 60 0 169 8
a 84 36 0 17 9
a 84 93 0 28 5
a 85 97 0 169 2
a 85 19 0 22 1
a 87 61 0 169 4
a 87 58 0 45 8
a 88 8 0 169 8
a 88 91 0 3 2
a 92 33 0 169 6
a 92 21 0 50 7
a 97 70 0 169 10
a 97 24 0 49 6
a 98 23 0 169 7
a 98 26 0 50 2
