c PyNETGEN v1.0.0
c $ pip install pynetgen
c
c  NETGEN flow network generation algorithm
c  Problem input parameters
c  -------------------------------------
c   Random seed:          76
c   Number of nodes:      100
c   Source nodes:         2
c   Sink nodes:           2
c   Number of arcs:       251
c   Minimum arc cost:     1
c   Maximum arc cost:     10
c   Total supply:         250
c   Transshipment -
c     Sources:            0
c     Sinks:              0
c   Skeleton arcs -
c     With max cost:      0
c     Capacitated:        100
c   Minimum arc capacity: 1
c   Maximum arc capacity: 50
c
c  *** Minimum cost flow ***
c
p min 100 251
n 1 163
n 2 87
n 99 -135
n 100 -115
a 1 19 0 163 8
a 1 97 0 27 10
a 3 64 0 163 2
a 3 58 0 26 6
a 3 38 0 17 5
a 3 49 0 4 6
a 4 36 0 163 10
a 4 96 0 26 5
a 4 48 0 6 5
a 6 88 0 163 10
a 6 43 0 50 3
a 6 9 0 22 10
a 7 49 0 163 4
a 7 73 0 44 3
a 7 28 0 37 6
a 11 78 0 163 8
a 11 82 0 11 9
a 11 17 0 5 4
a 12 50 0 163 6
a 12 46 0 25 10
a 12 52 0 18 2
a 12 62 0 33 10
a 13 89 0 163 8
a 13 5 0 36 10
a 13 84 0 2 2
a 13 22 0 45 9
a 19 58 0 163 9
a 19 92 0 2 4
a 19 11 0 6 9
a 20 99 0 163 3
a 20 22 0 9 7
a 24 80 0 163 1
a 24 96 0 47 4
a 24 52 0 47 5
a 25 3 0 163 9
a 25 9 0 21 8
a 26 86 0 163 4
a 26 80 0 37 7
a 26 33 0 31 1
a 28 65 0 163 2
a 28 57 0 2 6
a 32 28 0 163 4
a 32 75 0 37 10
a 32 93 0 27 9
a 36 6 0 163 8
a 36 31 0 22 3
a 39 47 0 163 7
a 39 66 0 25 10
a 39 94 0 48 2
a 41 39 0 163 6
a 41 31 0 6 5
a 41 79 0 27 2
a 47 68 0 163 8
a 47 38 0 3 3
a 47 35 0 33 4
a 48 56 0 163 5
a 48 50 0 45 4
a 49 11 0 163 7
a 49 43 0 36 2
a 49 75 0 42 7
a 50 20 0 163 6
a 50 8 0 33 2
a 54 32 0 163 10
a 54 94 0 25 6
a 55 67 0 163 5
a 55 23 0 1 8
a 56 91 0 163 5
a 56 16 0 42 1
a 58 70 0 163 9
a 58 36 0 12 6
a 58 92 0 30 2
a 63 76 0 163 2
a 63 48 0 5 2
a 64 94 0 163 2
a 64 5 0 44 3
a 65 25 0 163 9
a 65 5 0 10 10
a 67 24 0 163 6
a 67 4 0 15 2
a 68 12 0 163 7
a 68 52 0 41 6
a 68 42 0 26 1
a 70 54 0 163 5
a 70 32 0 37 3
a 70 64 0 27 4
a 72 55 0 163 10
a 72 54 0 2 9
a 72 26 0 25 4
a 72 75 0 18 8
a 74 48 0 163 5
a 74 6 0 36 5
a 76 72 0 163 4
a 76 40 0 14 5
a 76 32 0 17 9
a 78 74 0 163 10
a 78 16 0 24 4
a 78 83 0 26 8
a 80 41 0 163 1
a 80 71 0 6 9
a 86 4 0 163 9
a 86 66 0 32 4
a 86 22 0 15 8
a 88 100 0 163 5
a 88 7 0 163 5
a 88 74 0 17 5
a 88 18 0 10 3
a 89 26 0 163 6
a 89 99 0 33 2
a 91 63 0 163 7
a 91 86 0 21 7
a 94 13 0 163 5
a 94 99 0 25 7
a 2 16 0 87 2
a 2 48 0 33 8
a 5 27 0 87 2
a 5 77 0 40 8
a 8 9 0 87 9
a 8 5 0 45 6
a 8 70 0 36 4
a 9 17 0 87 5
a 9 82 0 36 10
a 9 59 0 45 10
a 10 35 0 87 2
a 10 36 0 42 1
a 10 79 0 11 9
a 14 34 0 87 8
a 14 62 0 36 1
a 15 22 0 87 5
a 15 79 0 21 3
a 16 46 0 87 5
a 16 71 0 26 7
a 17 90 0 87 3
a 17 3 0 36 10
a 18 96 0 87 8
a 18 20 0 42 9
a 18 77 0 45 8
a 21 69 0 87 7
a 21 35 0 14 8
a 21 3 0 3 8
a 22 21 0 87 1
a 22 37 0 18 6
a 23 100 0 87 1
a 23 72 0 3 5
a 27 18 0 87 6
a 27 38 0 16 10
a 29 10 0 87 6
a 29 8 0 12 10
a 29 53 0 24 5
a 29 21 0 36 7
a 30 42 0 87 10
a 30 19 0 34 4
a 30 52 0 7 9
a 31 44 0 87 1
a 31 20 0 26 5
a 33 14 0 87 6
a 33 47 0 18 2
a 34 79 0 87 1
a 34 22 0 11 2
a 35 84 0 87 4
a 35 19 0 15 6
a 35 59 0 49 4
a 37 15 0 87 4
a 37 33 0 47 10
a 37 93 0 32 8
a 38 81 0 87 9
a 38 58 0 21 1
a 38 51 0 13 2
a 40 23 0 87 2
a 40 44 0 46 5
a 40 99 0 1 7
a 42 83 0 87 1
a 42 85 0 12 1
a 42 46 0 35 8
a 43 97 0 87 6
a 43 71 0 9 5
a 43 90 0 9 9
a 44 85 0 87 3
a 44 10 0 5 4
a 45 57 0 87 8
a 45 6 0 7 6
a 45 72 0 43 1
a 46 33 0 87 6
a 46 84 0 10 10
a 51 62 0 87 3
a 51 35 0 23 7
a 52 98 0 87 1
a 52 59 0 10 9
a 53 87 0 87 3
a 53 30 0 14 3
a 57 31 0 87 8
a 57 65 0 26 8
a 59 95 0 87 3
a 59 83 0 27 7
a 60 66 0 87 8
a 60 27 0 21 4
a 60 86 0 13 6
a 61 71 0 87 2
a 61 89 0 25 6
a 61 6 0 21 9
a 62 43 0 87 10
a 62 59 0 10 7
a 66 52 0 87 8
a 66 59 0 35 5
a 69 92 0 87 7
a 69 38 0 5 3
a 69 88 0 49 2
a 71 93 0 87 5
a 71 80 0 28 6
a 73 77 0 87 7
a 73 42 0 12 10
a 73 57 0 17 7
a 75 73 0 87 4
a 75 95 0 27 1
a 75 29 0 22 2
a 77 5 0 87 3
a 77 44 0 10 10
a 79 51 0 87 3
a 79 56 0 47 10
a 81 29 0 87 8
a 81 4 0 21 10
a 81 9 0 45 4
a 82 45 0 87 2
a 82 79 0 19 4
a 83 53 0 87 3
a 83 20 0 3 1
a 83 58 0 45 1
a 84 8 0 87 8
a 84 18 0 13 1
a 85 75 0 87 7
a 85 72 0 10 9
a 85 82 0 12 10
a 87 82 0 87 5
a 87 26 0 47 5
a 90 37 0 87 4
a 90 80 0 10 7
a 92 30 0 87 8
a 92 20 0 45 1
a 92 39 0 3 1
a 92 29 0 50 8
a 93 38 0 87 1
a 93 92 0 33 1
a 95 99 0 87 1
a 95 61 0 87 10
a 95 30 0 15 7
a 96 60 0 87 5
a 96 47 0 4 4
a 96 24 0 5 6
a 97 59 0 87 1
a 97 52 0 26 2
a 98 40 0 87 3
a 98 29 0 44 9
