c PyNETGEN v1.0.0
c $ pip install pynetgen
c
c  NETGEN flow network generation algorithm
c  Problem input parameters
c  -------------------------------------
c   Random seed:          91
c   Number of nodes:      100
c   Source nodes:         2
c   Sink nodes:           2
c   Number of arcs:       251
c   Minimum arc cost:     1
c   Maximum arc cost:     10
c   Total supply:         250
c   Transshipment -
c     Sources:            0
c     Sinks:              0
c   Skeleton arcs -
c     With max cost:      0
c     Capacitated:        100
c   Minimum arc capacity: 1
c   Maximum arc capacity: 50
c
c  *** Minimum cost flow ***
c
p min 100 251
n 1 125
n 2 125
n 99 -169
n 100 -81
a 1 46 0 125 9
a 1 43 0 2 5
a 1 25 0 24 6
a 4 35 0 125 9
a 4 8 0 35 1
a 4 60 0 50 5
a 4 78 0 23 10
a 5 73 0 125 7
a 5 22 0 22 2
a 5 24 0 20 2
a 6 39 0 125 1
a 6 72 0 30 1
a 6 96 0 7 8
a 7 68 0 125 6
a 7 53 0 26 2
a 8 31 0 125 10
a 8 23 0 30 7
a 9 4 0 125 3
a 9 34 0 22 2
a 9 70 0 15 8
a 9 93 0 37 1
a 10 88 0 125 6
a 10 76 0 48 8
a 11 94 0 125 2
a 11 70 0 37 8
a 11 90 0 5 9
a 11 60 0 29 4
a 12 19 0 125 6
a 12 30 0 44 2
a 14 5 0 125 2
a 14 6 0 6 4
a 17 96 0 125 1
a 17 18 0 15 6
a 17 15 0 16 5
a 17 68 0 5 4
a 18 14 0 125 5
a 18 33 0 41 5
a 18 20 0 45 3
a 18 93 0 11 8
a 19 33 0 125 1
a 19 60 0 13 5
a 20 32 0 125 6
a 20 33 0 31 9
a 20 62 0 5 6
a 22 86 0 125 8
a 22 56 0 19 3
a 23 95 0 125 8
a 23 31 0 15 7
a 23 16 0 44 5
a 29 91 0 125 4
a 29 42 0 25 5
a 29 66 0 32 8
a 30 6 0 125 7
a 30 49 0 20 8
a 31 75 0 125 10
a 31 76 0 33 7
a 31 54 0 21 2
a 32 99 0 125 4
a 32 8 0 125 3
a 32 59 0 22 6
a 33 10 0 125 7
a 33 54 0 17 10
a 35 12 0 125 7
a 35 50 0 44 7
a 35 89 0 15 6
a 39 65 0 125 8
a 39 37 0 49 7
a 40 92 0 125 4
a 40 67 0 8 10
a 40 77 0 50 7
a 41 100 0 125 10
a 41 61 0 48 6
a 42 63 0 125 10
a 42 92 0 5 2
a 46 84 0 125 4
a 46 13 0 17 6
a 47 7 0 125 2
a 47 96 0 42 10
a 47 91 0 25 7
a 52 90 0 125 1
a 52 24 0 33 2
a 54 30 0 125 1
a 54 78 0 30 3
a 54 90 0 29 2
a 59 17 0 125 10
a 59 38 0 18 4
a 63 29 0 125 3
a 63 73 0 10 2
a 65 41 0 125 6
a 65 62 0 7 3
a 65 46 0 21 2
a 68 20 0 125 9
a 68 13 0 49 3
a 70 9 0 125 3
a 70 61 0 30 1
a 71 59 0 125 3
a 71 80 0 32 3
a 71 52 0 40 7
a 73 47 0 125 8
a 73 81 0 45 9
a 73 63 0 2 6
a 75 40 0 125 2
a 75 66 0 44 3
a 75 17 0 43 8
a 78 54 0 125 6
a 78 5 0 34 5
a 81 42 0 125 1
a 81 52 0 24 3
a 81 48 0 17 10
a 84 70 0 125 2
a 84 87 0 32 3
a 84 21 0 49 1
a 86 81 0 125 5
a 86 61 0 25 3
a 86 49 0 16 2
a 88 98 0 125 4
a 88 46 0 19 3
a 88 17 0 22 1
a 90 18 0 125 6
a 90 23 0 15 4
a 90 41 0 23 6
a 91 23 0 125 3
a 91 3 0 50 10
a 91 96 0 50 6
a 92 11 0 125 1
a 92 29 0 32 2
a 92 16 0 31 5
a 94 22 0 125 1
a 94 79 0 46 4
a 94 18 0 9 1
a 95 78 0 125 2
a 95 25 0 7 2
a 96 52 0 125 7
a 96 22 0 40 4
a 96 89 0 37 7
a 98 71 0 125 2
a 98 50 0 49 6
a 2 60 0 125 5
a 2 10 0 18 6
a 3 62 0 125 9
a 3 11 0 30 8
a 13 55 0 125 2
a 13 40 0 1 1
a 15 58 0 125 4
a 15 73 0 33 3
a 15 67 0 13 3
a 16 25 0 125 4
a 16 40 0 13 4
a 21 76 0 125 1
a 21 70 0 29 3
a 21 79 0 5 7
a 24 26 0 125 10
a 24 99 0 1 4
a 24 22 0 41 3
a 25 100 0 125 5
a 25 44 0 29 10
a 25 91 0 17 10
a 26 57 0 125 4
a 26 41 0 19 10
a 26 30 0 4 8
a 27 15 0 125 3
a 27 47 0 3 10
a 27 84 0 9 8
a 28 85 0 125 9
a 28 78 0 6 5
a 28 29 0 24 3
a 34 51 0 125 2
a 34 48 0 50 6
a 36 45 0 125 7
a 36 89 0 5 6
a 37 97 0 125 4
a 37 89 0 30 10
a 37 87 0 44 6
a 38 93 0 125 6
a 38 78 0 15 1
a 43 69 0 125 3
a 43 9 0 20 5
a 43 31 0 23 9
a 44 3 0 125 10
a 44 43 0 26 6
a 45 66 0 125 10
a 45 59 0 18 1
a 48 72 0 125 5
a 48 59 0 39 8
a 49 82 0 125 4
a 49 75 0 17 10
a 49 34 0 35 2
a 50 79 0 125 8
a 50 65 0 11 3
a 50 67 0 32 7
a 51 44 0 125 7
a 51 36 0 24 7
a 51 22 0 22 10
a 53 24 0 125 8
a 53 66 0 24 3
a 53 36 0 48 4
a 55 49 0 125 1
a 55 80 0 7 10
a 55 16 0 43 9
a 56 64 0 125 2
a 56 36 0 22 3
a 56 37 0 34 4
a 57 80 0 125 7
a 57 18 0 46 6
a 58 43 0 125 3
a 58 22 0 24 10
a 58 65 0 29 6
a 60 13 0 125 9
a 60 72 0 8 1
a 60 85 0 42 4
a 61 99 0 125 4
a 61 37 0 125 7
a 61 40 0 41 1
a 61 86 0 17 9
a 62 83 0 125 3
a 62 23 0 4 5
a 64 87 0 125 8
a 64 32 0 50 7
a 66 16 0 125 1
a 66 3 0 45 10
a 67 36 0 125 8
a 67 35 0 44 10
a 69 50 0 125 5
a 69 76 0 7 9
a 69 95 0 3 2
a 72 21 0 125 3
a 72 88 0 16 9
a 74 77 0 125 10
a 74 65 0 47 2
a 76 67 0 125 5
a 76 63 0 21 9
a 77 38 0 125 6
a 77 18 0 36 10
a 79 28 0 125 6
a 79 12 0 13 5
a 80 61 0 125 10
a 80 97 0 39 1
a 82 89 0 125 4
a 82 76 0 20 3
a 83 48 0 125 7
a 83 39 0 1 5
a 85 34 0 125 6
a 85 23 0 32 6
a 87 74 0 125 8
a 87 100 0 42 4
a 89 56 0 125 4
a 89 62 0 19 6
a 93 53 0 125 10
a 93 65 0 7 10
a 97 27 0 125 7
a 97 67 0 39 2
