c PyNETGEN v1.0.0
c $ pip install pynetgen
c
c  NETGEN flow network generation algorithm
c  Problem input parameters
c  -------------------------------------
c   Random seed:          9
c   Number of nodes:      100
c   Source nodes:         2
c   Sink nodes:           2
c   Number of arcs:       251
c   Minimum arc cost:     1
c   Maximum arc cost:     10
c   Total supply:         250
c   Transshipment -
c     Sources:            0
c     Sinks:              0
c   Skeleton arcs -
c     With max cost:      0
c     Capacitated:        100
c   Minimum arc capacity: 1
c   Maximum arc capacity: 50
c
c  *** Minimum cost flow ***
c
p min 100 251
n 1 224
n 2 26
n 99 -127
n 100 -123
a 1 44 0 224 1
a 1 35 0 43 3
a 1 94 0 11 6
a 14 17 0 224 7
a 14 59 0 40 10
a 14 99 0 38 8
a 14 65 0 47 10
a 15 38 0 224 9
a 15 89 0 20 6
a 15 43 0 33 10
a 15 12 0 9 5
a 17 100 0 224 4
a 17 86 0 21 10
a 17 18 0 37 9
a 17 66 0 32 10
a 18 23 0 224 3
a 18 65 0 30 8
a 18 74 0 18 6
a 18 91 0 18 5
a 20 90 0 224 5
a 20 81 0 20 5
a 20 83 0 8 6
a 21 30 0 224 4
a 21 76 0 8 6
a 21 66 0 9 6
a 23 66 0 224 7
a 23 83 0 16 1
a 24 34 0 224 3
a 24 62 0 32 1
a 24 17 0 40 4
a 25 85 0 224 8
a 25 79 0 45 10
a 25 39 0 10 7
a 26 14 0 224 10
a 26 13 0 36 5
a 26 63 0 3 5
a 28 37 0 224 10
a 28 17 0 14 6
a 28 13 0 39 10
a 29 20 0 224 7
a 29 83 0 14 10
a 29 45 0 9 3
a 30 60 0 224 5
a 30 5 0 16 6
a 30 48 0 4 9
a 33 68 0 224 8
a 33 77 0 35 10
a 34 76 0 224 5
a 34 83 0 8 3
a 34 50 0 13 9
a 37 63 0 224 10
a 37 40 0 11 6
a 37 92 0 24 8
a 38 79 0 224 10
a 38 26 0 30 6
a 39 33 0 224 6
a 39 99 0 224 6
a 39 79 0 30 2
a 39 51 0 46 10
a 41 43 0 224 10
a 41 6 0 5 9
a 43 57 0 224 5
a 43 54 0 24 8
a 43 42 0 44 7
a 44 77 0 224 8
a 44 73 0 14 1
a 46 15 0 224 1
a 46 56 0 43 3
a 46 47 0 35 7
a 55 69 0 224 4
a 55 66 0 43 8
a 57 93 0 224 5
a 57 95 0 18 10
a 59 26 0 224 6
a 59 70 0 4 1
a 60 29 0 224 5
a 60 64 0 12 7
a 60 45 0 35 4
a 62 97 0 224 4
a 62 57 0 6 6
a 63 74 0 224 9
a 63 44 0 32 1
a 64 55 0 224 6
a 64 41 0 11 6
a 64 56 0 20 9
a 66 46 0 224 9
a 66 33 0 13 9
a 67 28 0 224 5
a 67 38 0 4 6
a 67 29 0 43 8
a 68 92 0 224 6
a 68 16 0 16 4
a 68 56 0 16 6
a 69 41 0 224 2
a 69 64 0 10 9
a 71 82 0 224 8
a 71 56 0 49 4
a 74 18 0 224 8
a 74 17 0 31 1
a 74 50 0 50 3
a 76 59 0 224 5
a 76 80 0 39 10
a 77 25 0 224 3
a 77 4 0 32 2
a 77 72 0 16 8
a 79 62 0 224 3
a 79 15 0 22 3
a 82 67 0 224 5
a 82 45 0 30 5
a 85 39 0 224 9
a 85 31 0 50 4
a 88 21 0 224 3
a 88 75 0 30 5
a 90 71 0 224 6
a 90 60 0 39 6
a 91 88 0 224 2
a 91 66 0 8 9
a 92 98 0 224 9
a 92 41 0 14 4
a 93 24 0 224 3
a 93 68 0 22 5
a 93 16 0 16 1
a 97 64 0 224 7
a 97 93 0 41 4
a 97 36 0 4 5
a 98 91 0 224 2
a 98 41 0 23 7
a 2 50 0 26 7
a 2 18 0 39 8
a 2 96 0 19 8
a 3 94 0 26 10
a 3 40 0 38 4
a 3 62 0 11 8
a 4 58 0 26 3
a 4 48 0 24 4
a 5 61 0 26 5
a 5 79 0 23 3
a 5 77 0 36 5
a 6 36 0 26 10
a 6 73 0 22 7
a 6 34 0 34 1
a 7 31 0 26 8
a 7 49 0 8 1
a 8 12 0 26 8
a 8 96 0 50 9
a 8 69 0 8 9
a 9 95 0 26 1
a 9 30 0 5 10
a 10 7 0 26 3
a 10 60 0 28 10
a 10 80 0 33 5
a 11 56 0 26 9
a 11 43 0 3 5
a 12 19 0 26 7
a 12 63 0 34 5
a 12 93 0 17 10
a 13 99 0 26 10
a 13 78 0 26 3
a 13 30 0 39 5
a 16 96 0 26 5
a 16 20 0 26 7
a 19 100 0 26 9
a 19 54 0 22 7
a 19 21 0 30 2
a 22 65 0 26 4
a 22 43 0 36 1
a 27 4 0 26 3
a 27 19 0 4 2
a 27 100 0 30 5
a 31 22 0 26 8
a 31 52 0 31 9
a 31 45 0 25 10
a 32 10 0 26 10
a 32 98 0 33 7
a 35 89 0 26 8
a 35 40 0 33 3
a 35 4 0 49 8
a 36 42 0 26 9
a 36 69 0 27 7
a 36 38 0 36 10
a 40 52 0 26 1
a 40 65 0 20 1
a 40 77 0 34 1
a 42 80 0 26 1
a 42 54 0 48 9
a 42 36 0 48 2
a 45 81 0 26 2
a 45 64 0 47 2
a 45 14 0 48 8
a 47 72 0 26 1
a 47 45 0 24 1
a 48 6 0 26 3
a 48 25 0 23 5
a 49 51 0 26 2
a 49 80 0 31 1
a 49 72 0 34 2
a 50 3 0 26 1
a 50 100 0 8 9
a 51 48 0 26 7
a 51 71 0 27 9
a 52 13 0 26 10
a 52 71 0 24 5
a 53 47 0 26 10
a 53 10 0 26 10
a 54 45 0 26 1
a 54 72 0 15 3
a 54 88 0 34 9
a 56 5 0 26 10
a 56 50 0 8 7
a 56 29 0 35 6
a 58 54 0 26 10
a 58 81 0 14 3
a 58 13 0 22 5
a 61 27 0 26 2
a 61 100 0 3 3
a 61 45 0 48 8
a 65 84 0 26 5
a 65 48 0 10 10
a 70 83 0 26 10
a 70 79 0 31 9
a 70 43 0 13 1
a 72 73 0 26 5
a 72 83 0 28 4
a 72 47 0 27 4
a 73 9 0 26 4
a 73 3 0 31 7
a 73 80 0 25 9
a 75 32 0 26 4
a 75 45 0 25 8
a 78 70 0 26 1
a 78 7 0 47 2
a 80 35 0 26 2
a 80 14 0 47 5
a 81 8 0 26 8
a 81 11 0 5 8
a 83 53 0 26 3
a 83 45 0 9 8
a 84 40 0 26 6
a 84 26 0 26 1
a 86 16 0 26 8
a 86 97 0 10 3
a 87 11 0 26 7
a 87 4 0 1 7
a 89 86 0 26 9
a 89 99 0 30 5
a 94 75 0 26 5
a 94 27 0 50 8
a 95 49 0 26 2
a 95 88 0 29 6
a 96 87 0 26 3
a 96 6 0 18 5
