c PyNETGEN v1.0.0
c $ pip install pynetgen
c
c  NETGEN flow network generation algorithm
c  Problem input parameters
c  -------------------------------------
c   Random seed:          3
c   Number of nodes:      100
c   Source nodes:         2
c   Sink nodes:           2
c   Number of arcs:       251
c   Minimum arc cost:     1
c   Maximum arc cost:     10
c   Total supply:         250
c   Transshipment -
c     Sources:            0
c     Sinks:              0
c   Skeleton arcs -
c     With max cost:      0
c     Capacitated:        100
c   Minimum arc capacity: 1
c   Maximum arc capacity: 50
c
c  *** Minimum cost flow ***
c
p min 100 251
n 1 47
n 2 203
n 99 -105
n 100 -145
a 1 27 0 47 10
a 1 24 0 13 3
a 1 67 0 19 5
a 3 32 0 47 3
a 3 22 0 14 3
a 6 7 0 47 9
a 6 62 0 33 4
a 6 25 0 26 5
a 7 89 0 47 3
a 7 18 0 45 2
a 7 49 0 36 8
a 13 70 0 47 2
a 13 99 0 47 7
a 13 46 0 42 1
a 13 5 0 46 7
a 13 28 0 45 3
a 14 6 0 47 7
a 14 48 0 38 10
a 14 61 0 8 9
a 16 53 0 47 1
a 16 96 0 10 3
a 16 76 0 3 9
a 19 35 0 47 9
a 19 24 0 19 9
a 20 21 0 47 7
a 20 15 0 47 3
a 20 65 0 48 4
a 21 55 0 47 10
a 21 32 0 32 8
a 23 45 0 47 3
a 23 15 0 39 8
a 24 79 0 47 9
a 24 67 0 19 4
a 24 44 0 37 3
a 25 100 0 47 10
a 25 48 0 48 4
a 26 74 0 47 10
a 26 98 0 20 2
a 27 28 0 47 9
a 27 14 0 36 1
a 27 3 0 45 2
a 28 47 0 47 2
a 28 19 0 34 8
a 29 75 0 47 5
a 29 49 0 40 10
a 29 85 0 18 8
a 32 69 0 47 6
a 32 20 0 31 9
a 32 87 0 47 9
a 32 28 0 21 4
a 33 20 0 47 5
a 33 76 0 34 9
a 33 69 0 9 1
a 33 7 0 7 2
a 35 13 0 47 8
a 35 4 0 16 6
a 35 6 0 6 5
a 37 24 0 47 4
a 37 75 0 16 2
a 37 97 0 44 4
a 41 88 0 47 7
a 41 68 0 29 4
a 41 80 0 41 10
a 43 65 0 47 10
a 43 47 0 38 6
a 44 84 0 47 10
a 44 86 0 11 9
a 45 43 0 47 4
a 45 39 0 28 2
a 47 77 0 47 1
a 47 34 0 13 10
a 49 90 0 47 7
a 49 33 0 40 4
a 49 94 0 6 1
a 50 78 0 47 1
a 50 86 0 37 4
a 53 29 0 47 6
a 53 28 0 27 10
a 55 82 0 47 10
a 55 87 0 35 4
a 59 37 0 47 6
a 59 61 0 27 9
a 62 44 0 47 6
a 62 59 0 19 6
a 62 20 0 24 5
a 62 89 0 37 8
a 63 50 0 47 5
a 63 61 0 18 8
a 65 59 0 47 2
a 65 98 0 14 10
a 65 95 0 24 5
a 66 41 0 47 4
a 66 36 0 6 5
a 66 82 0 47 3
a 69 19 0 47 2
a 69 31 0 40 10
a 69 57 0 15 10
a 70 71 0 47 9
a 70 18 0 11 10
a 71 91 0 47 2
a 71 44 0 9 8
a 74 23 0 47 5
a 74 51 0 14 6
a 74 58 0 28 7
a 75 14 0 47 5
a 75 97 0 24 5
a 77 81 0 47 8
a 77 85 0 38 4
a 78 16 0 47 2
a 78 37 0 46 10
a 79 33 0 47 2
a 79 78 0 34 2
a 81 49 0 47 2
a 81 29 0 46 10
a 81 53 0 46 4
a 82 63 0 47 8
a 82 90 0 18 7
a 82 84 0 15 3
a 84 3 0 47 10
a 84 52 0 15 4
a 88 26 0 47 6
a 88 33 0 6 9
a 89 62 0 47 2
a 89 76 0 29 1
a 90 97 0 47 1
a 90 65 0 16 4
a 90 69 0 25 3
a 90 91 0 13 2
a 91 25 0 47 3
a 91 77 0 32 8
a 97 66 0 47 6
a 97 21 0 5 9
a 97 12 0 44 4
a 2 51 0 203 4
a 2 61 0 40 10
a 2 17 0 39 4
a 4 76 0 203 5
a 4 18 0 46 8
a 4 87 0 14 10
a 5 4 0 203 8
a 5 83 0 11 9
a 8 94 0 203 10
a 8 93 0 20 1
a 8 72 0 30 5
a 9 60 0 203 2
a 9 30 0 18 7
a 10 11 0 203 9
a 10 24 0 17 3
a 11 100 0 203 3
a 11 54 0 203 8
a 11 96 0 37 4
a 12 5 0 203 10
a 12 81 0 45 5
a 15 22 0 203 1
a 15 6 0 12 1
a 17 87 0 203 4
a 17 39 0 45 3
a 17 15 0 4 7
a 17 14 0 47 7
a 18 12 0 203 8
a 18 63 0 26 2
a 22 34 0 203 6
a 22 96 0 7 1
a 30 98 0 203 3
a 30 48 0 12 2
a 30 23 0 46 1
a 31 46 0 203 5
a 31 8 0 1 8
a 34 61 0 203 2
a 34 53 0 38 10
a 34 13 0 10 7
a 36 67 0 203 8
a 36 15 0 44 1
a 36 69 0 43 3
a 38 10 0 203 9
a 38 49 0 44 4
a 39 92 0 203 7
a 39 49 0 7 4
a 39 78 0 41 1
a 40 38 0 203 5
a 40 11 0 31 4
a 42 68 0 203 4
a 42 17 0 12 9
a 46 58 0 203 10
a 46 96 0 50 6
a 48 52 0 203 8
a 48 73 0 38 6
a 48 51 0 31 8
a 51 36 0 203 9
a 51 59 0 11 4
a 51 98 0 40 10
a 52 73 0 203 5
a 52 76 0 25 7
a 52 16 0 36 8
a 54 99 0 203 10
a 54 19 0 11 8
a 56 96 0 203 10
a 56 13 0 19 5
a 57 95 0 203 1
a 57 90 0 41 5
a 58 80 0 203 3
a 58 25 0 41 9
a 58 5 0 12 1
a 58 100 0 24 3
a 60 85 0 203 9
a 60 14 0 38 3
a 60 64 0 12 6
a 61 56 0 203 3
a 61 7 0 18 2
a 61 44 0 27 4
a 64 30 0 203 3
a 64 17 0 20 3
a 64 7 0 7 8
a 67 18 0 203 6
a 67 13 0 35 4
a 67 83 0 50 10
a 68 86 0 203 7
a 68 50 0 4 2
a 72 17 0 203 4
a 72 94 0 11 5
a 72 83 0 5 1
a 73 39 0 203 7
a 73 62 0 9 10
a 73 19 0 41 1
a 76 93 0 203 1
a 76 3 0 11 1
a 80 83 0 203 8
a 80 4 0 20 3
a 80 7 0 7 10
a 83 8 0 203 1
a 83 58 0 33 6
a 85 42 0 203 8
a 85 82 0 32 9
a 86 72 0 203 10
a 86 92 0 17 10
a 87 40 0 203 3
a 87 17 0 36 9
a 87 50 0 14 4
a 92 31 0 203 4
a 92 52 0 40 5
a 93 57 0 203 4
a 93 61 0 12 2
a 94 64 0 203 9
a 94 15 0 27 3
a 95 15 0 203 2
a 95 37 0 39 1
a 95 13 0 32 8
a 96 48 0 203 7
a 96 64 0 26 6
a 98 9 0 203 4
a 98 69 0 40 9
