c PyNETGEN v1.0.0
c $ pip install pynetgen
c
c  NETGEN flow network generation algorithm
c  Problem input parameters
c  -------------------------------------
c   Random seed:          29
c   Number of nodes:      100
c   Source nodes:         2
c   Sink nodes:           2
c   Number of arcs:       251
c   Minimum arc cost:     1
c   Maximum arc cost:     10
c   Total supply:         250
c   Transshipment -
c     Sources:            0
c     Sinks:              0
c   Skeleton arcs -
c     With max cost:      0
c     Capacitated:        100
c   Minimum arc capacity: 1
c   Maximum arc capacity: 50
c
c  *** Minimum cost flow ***
c
p min 100 251
n 1 125
n 2 125
n 99 -82
n 100 -168
a 1 49 0 125 8
a 1 82 0 44 2
a 1 59 0 50 4
a 1 7 0 11 6
a 3 65 0 125 7
a 3 21 0 14 2
a 4 24 0 125 3
a 4 26 0 34 3
a 4 86 0 8 3
a 5 30 0 125 2
a 5 63 0 16 5
a 13 26 0 125 9
a 13 82 0 28 8
a 14 78 0 125 7
a 14 89 0 35 10
a 14 36 0 36 9
a 16 88 0 125 4
a 16 10 0 33 6
a 16 3 0 45 8
a 17 63 0 125 4
a 17 4 0 14 6
a 17 41 0 35 6
a 17 76 0 25 4
a 18 38 0 125 5
a 18 21 0 39 5
a 18 71 0 27 3
a 19 47 0 125 7
a 19 30 0 15 9
a 23 28 0 125 8
a 23 48 0 35 9
a 23 44 0 25 7
a 24 73 0 125 7
a 24 17 0 37 5
a 24 90 0 32 8
a 26 82 0 125 2
a 26 63 0 34 4
a 26 24 0 32 10
a 28 19 0 125 6
a 28 8 0 28 9
a 28 17 0 49 3
a 30 51 0 125 2
a 30 37 0 40 5
a 32 97 0 125 5
a 32 50 0 21 7
a 33 5 0 125 5
a 33 22 0 3 8
a 33 26 0 22 4
a 33 79 0 16 5
a 35 3 0 125 8
a 35 31 0 40 6
a 35 88 0 20 4
a 37 58 0 125 1
a 37 48 0 37 1
a 38 86 0 125 5
a 38 66 0 35 6
a 38 97 0 28 7
a 39 42 0 125 5
a 39 63 0 45 2
a 39 56 0 38 4
a 42 14 0 125 3
a 42 3 0 24 6
a 42 74 0 49 2
a 43 66 0 125 2
a 43 39 0 29 10
a 45 61 0 125 7
a 45 64 0 1 9
a 47 60 0 125 3
a 47 43 0 15 1
a 49 39 0 125 4
a 49 89 0 17 2
a 51 32 0 125 7
a 51 21 0 18 7
a 53 99 0 125 1
a 53 69 0 125 1
a 53 36 0 10 1
a 53 38 0 21 2
a 56 45 0 125 9
a 56 4 0 40 9
a 56 90 0 18 2
a 58 35 0 125 3
a 58 5 0 44 9
a 60 16 0 125 4
a 60 30 0 25 1
a 61 83 0 125 1
a 61 67 0 48 6
a 61 3 0 7 5
a 63 98 0 125 2
a 63 76 0 50 1
a 63 88 0 45 8
a 65 80 0 125 2
a 65 8 0 18 2
a 66 17 0 125 5
a 66 35 0 18 6
a 66 41 0 45 5
a 69 13 0 125 10
a 69 50 0 33 3
a 69 89 0 26 1
a 73 100 0 125 4
a 73 56 0 40 2
a 78 43 0 125 1
a 78 76 0 50 6
a 79 56 0 125 6
a 79 31 0 20 10
a 79 62 0 19 9
a 80 87 0 125 1
a 80 23 0 7 4
a 80 35 0 6 9
a 82 37 0 125 3
a 82 54 0 42 2
a 83 23 0 125 5
a 83 67 0 6 7
a 84 79 0 125 3
a 84 93 0 41 3
a 86 33 0 125 9
a 86 41 0 2 10
a 86 5 0 38 3
a 87 18 0 125 3
a 87 59 0 21 4
a 88 53 0 125 4
a 88 84 0 3 5
a 88 32 0 43 7
a 97 4 0 125 10
a 97 63 0 11 3
a 98 84 0 125 10
a 98 49 0 12 8
a 2 12 0 125 7
a 2 14 0 36 2
a 2 59 0 49 1
a 2 68 0 48 2
a 6 90 0 125 2
a 6 20 0 8 2
a 7 9 0 125 2
a 7 57 0 32 2
a 7 30 0 16 9
a 8 22 0 125 7
a 8 75 0 34 6
a 9 77 0 125 2
a 9 6 0 43 4
a 10 50 0 125 10
a 10 19 0 5 2
a 11 68 0 125 10
a 11 81 0 16 1
a 12 25 0 125 10
a 12 37 0 50 9
a 12 67 0 8 1
a 12 87 0 50 3
a 15 27 0 125 5
a 15 9 0 7 9
a 15 84 0 32 10
a 20 92 0 125 9
a 20 21 0 9 2
a 20 94 0 38 3
a 21 91 0 125 1
a 21 83 0 28 7
a 22 89 0 125 6
a 22 15 0 17 1
a 25 44 0 125 9
a 25 55 0 13 1
a 25 61 0 34 10
a 27 95 0 125 9
a 27 96 0 36 10
a 29 100 0 125 5
a 29 42 0 33 2
a 29 23 0 29 8
a 31 52 0 125 1
a 31 64 0 43 4
a 31 33 0 32 1
a 34 85 0 125 9
a 34 66 0 43 5
a 34 30 0 35 8
a 36 71 0 125 10
a 36 23 0 16 3
a 40 34 0 125 9
a 40 81 0 26 1
a 40 53 0 32 4
a 41 29 0 125 3
a 41 66 0 5 2
a 41 64 0 26 1
a 44 20 0 125 4
a 44 93 0 22 3
a 44 61 0 39 8
a 46 57 0 125 7
a 46 88 0 21 6
a 46 98 0 24 9
a 48 40 0 125 6
a 48 50 0 20 4
a 48 81 0 14 9
a 50 70 0 125 1
a 50 19 0 14 9
a 52 81 0 125 3
a 52 24 0 42 10
a 54 36 0 125 10
a 54 39 0 37 5
a 55 64 0 125 6
a 55 12 0 43 9
a 57 93 0 125 3
a 57 15 0 12 9
a 59 46 0 125 7
a 59 21 0 29 2
a 62 21 0 125 6
a 62 81 0 23 6
a 64 48 0 125 4
a 64 79 0 19 8
a 67 31 0 125 2
a 67 44 0 4 2
a 67 94 0 25 3
a 68 62 0 125 2
a 68 73 0 49 1
a 70 41 0 125 3
a 70 58 0 47 4
a 70 46 0 28 7
a 71 72 0 125 9
a 71 99 0 125 6
a 71 93 0 28 5
a 72 59 0 125 7
a 72 30 0 8 7
a 74 96 0 125 8
a 74 97 0 31 2
a 75 7 0 125 5
a 75 24 0 37 3
a 75 45 0 23 3
a 76 15 0 125 6
a 76 31 0 5 9
a 77 74 0 125 4
a 77 67 0 15 5
a 81 76 0 125 4
a 81 36 0 11 5
a 81 64 0 46 10
a 81 5 0 29 7
a 85 6 0 125 5
a 85 53 0 32 1
a 89 54 0 125 2
a 89 26 0 42 7
a 89 58 0 19 3
a 90 11 0 125 7
a 90 53 0 16 6
a 91 75 0 125 10
a 91 61 0 31 2
a 92 8 0 125 6
a 92 55 0 35 1
a 92 71 0 30 7
a 93 55 0 125 4
a 93 86 0 39 1
a 93 70 0 27 9
a 94 67 0 125 4
a 94 5 0 37 1
a 95 10 0 125 1
a 95 50 0 17 2
a 96 94 0 125 4
a 96 4 0 27 8
a 96 63 0 29 6
