c PyNETGEN v1.0.0
c $ pip install pynetgen
c
c  NETGEN flow network generation algorithm
c  Problem input parameters
c  -------------------------------------
c   Random seed:          37
c   Number of nodes:      50
c   Source nodes:         2
c   Sink nodes:           2
c   Number of arcs:       109
c   Minimum arc cost:     1
c   Maximum arc cost:     10
c   Total supply:         250
c   Transshipment -
c     Sources:            0
c     Sinks:              0
c   Skeleton arcs -
c     With max cost:      0
c     Capacitated:        100
c   Minimum arc capacity: 1
c   Maximum arc capacity: 50
c
c  *** Minimum cost flow ***
c
p min 50 109
n 1 127
n 2 123
n 49 -125
n 50 -125
a 1 29 0 127 6
a 1 8 0 26 5
a 7 17 0 127 6
a 7 23 0 22 9
a 9 38 0 127 8
a 9 48 0 45 1
a 11 12 0 127 5
a 11 41 0 36 3
a 11 38 0 26 2
a 12 43 0 127 10
a 12 34 0 30 10
a 13 18 0 127 6
a 13 20 0 41 8
a 14 34 0 127 10
a 14 40 0 20 10
a 14 35 0 44 3
a 15 11 0 127 1
a 15 24 0 23 7
a 15 3 0 28 5
a 16 26 0 127 6
a 16 11 0 29 4
a 17 13 0 127 10
a 17 44 0 48 4
a 17 7 0 41 5
a 18 48 0 127 8
a 18 39 0 32 8
a 18 9 0 12 7
a 19 40 0 127 9
a 19 37 0 12 6
a 19 9 0 10 7
a 20 50 0 127 4
a 20 9 0 127 8
a 20 40 0 29 3
a 20 3 0 36 4
a 22 7 0 127 6
a 22 30 0 26 2
a 22 34 0 19 8
a 26 20 0 127 3
a 26 45 0 17 9
a 26 11 0 2 1
a 29 22 0 127 1
a 29 25 0 10 1
a 32 41 0 127 2
a 32 10 0 7 1
a 34 32 0 127 9
a 34 19 0 9 2
a 38 15 0 127 10
a 38 3 0 42 6
a 38 11 0 31 3
a 40 49 0 127 10
a 40 32 0 31 4
a 41 16 0 127 8
a 41 10 0 48 3
a 41 15 0 39 10
a 43 19 0 127 9
a 43 8 0 50 7
a 43 7 0 12 7
a 48 14 0 127 9
a 48 11 0 29 10
a 2 45 0 123 1
a 2 10 0 3 5
a 3 37 0 123 1
a 3 30 0 43 9
a 4 21 0 123 7
a 4 48 0 31 8
a 5 30 0 123 5
a 5 45 0 41 4
a 6 39 0 123 2
a 6 44 0 13 2
a 8 25 0 123 1
a 8 3 0 9 3
a 10 33 0 123 10
a 10 50 0 12 1
a 21 23 0 123 6
a 21 13 0 22 9
a 23 3 0 123 8
a 23 7 0 28 10
a 24 35 0 123 6
a 24 40 0 10 6
a 25 4 0 123 6
a 25 36 0 30 6
a 27 42 0 123 7
a 27 7 0 20 7
a 28 31 0 123 9
a 28 38 0 35 7
a 30 47 0 123 8
a 30 21 0 24 2
a 31 50 0 123 9
a 31 5 0 30 8
a 33 27 0 123 7
a 33 21 0 34 6
a 35 10 0 123 5
a 35 20 0 49 9
a 36 46 0 123 10
a 36 29 0 35 9
a 37 44 0 123 2
a 37 25 0 40 7
a 39 8 0 123 4
a 39 3 0 48 6
a 42 28 0 123 10
a 42 41 0 50 8
a 44 5 0 123 6
a 44 21 0 33 9
a 45 6 0 123 10
a 45 27 0 2 9
a 46 49 0 123 1
a 46 24 0 123 9
a 47 36 0 123 7
a 47 18 0 50 4
