c PyNETGEN v1.0.0
c $ pip install pynetgen
c
c  NETGEN flow network generation algorithm
c  Problem input parameters
c  -------------------------------------
c   Random seed:          78
c   Number of nodes:      100
c   Source nodes:         2
c   Sink nodes:           2
c   Number of arcs:       251
c   Minimum arc cost:     1
c   Maximum arc cost:     10
c   Total supply:         250
c   Transshipment -
c     Sources:            0
c     Sinks:              0
c   Skeleton arcs -
c     With max cost:      0
c     Capacitated:        100
c   Minimum arc capacity: 1
c   Maximum arc capacity: 50
c
c  *** Minimum cost flow ***
c
p min 100 251
n 1 125
n 2 125
n 99 -81
n 100 -169
a 1 4 0 125 5
a 1 79 0 35 2
a 1 78 0 35 5
a 3 25 0 125 5
a 3 27 0 10 6
a 4 64 0 125 9
a 4 21 0 48 5
a 5 61 0 125 8
a 5 62 0 6 9
a 5 35 0 48 1
a 6 96 0 125 1
a 6 84 0 25 1
a 9 73 0 125 5
a 9 65 0 33 1
a 9 90 0 22 5
a 9 44 0 17 1
a 11 39 0 125 8
a 11 99 0 30 4
a 11 67 0 19 4
a 11 62 0 29 8
a 15 95 0 125 8
a 15 82 0 46 4
a 18 87 0 125 7
a 18 7 0 49 5
a 18 23 0 10 8
a 18 49 0 33 5
a 19 27 0 125 1
a 19 36 0 17 8
a 19 93 0 24 9
a 21 3 0 125 1
a 21 89 0 49 10
a 21 96 0 2 3
a 21 25 0 47 7
a 22 99 0 125 5
a 22 39 0 25 4
a 23 55 0 125 5
a 23 47 0 21 8
a 24 76 0 125 3
a 24 64 0 47 6
a 24 56 0 12 3
a 24 46 0 18 8
a 25 11 0 125 10
a 25 4 0 46 4
a 27 82 0 125 6
a 27 30 0 47 2
a 31 46 0 125 3
a 31 89 0 36 1
a 31 34 0 5 4
a 31 52 0 11 7
a 38 6 0 125 6
a 38 88 0 35 6
a 38 57 0 41 8
a 39 94 0 125 9
a 39 78 0 40 5
a 40 93 0 125 7
a 40 32 0 7 10
a 40 6 0 11 8
a 42 5 0 125 8
a 42 72 0 30 5
a 43 24 0 125 5
a 43 89 0 8 9
a 44 40 0 125 6
a 44 16 0 37 1
a 46 43 0 125 6
a 46 33 0 14 8
a 46 70 0 1 3
a 50 89 0 125 10
a 50 77 0 47 2
a 52 59 0 125 4
a 52 54 0 11 4
a 55 65 0 125 8
a 55 79 0 31 3
a 55 3 0 48 5
a 55 61 0 21 10
a 56 31 0 125 8
a 56 62 0 12 6
a 59 44 0 125 6
a 59 80 0 42 6
a 59 86 0 38 8
a 61 79 0 125 9
a 61 48 0 23 3
a 61 85 0 9 2
a 62 56 0 125 8
a 62 80 0 47 1
a 62 16 0 15 6
a 64 50 0 125 9
a 64 73 0 18 3
a 65 78 0 125 4
a 65 45 0 50 3
a 70 15 0 125 3
a 70 6 0 2 7
a 72 70 0 125 2
a 72 29 0 21 9
a 72 73 0 7 4
a 73 52 0 125 1
a 73 35 0 33 2
a 73 29 0 44 8
a 75 22 0 125 4
a 75 17 0 44 7
a 76 9 0 125 4
a 76 14 0 22 5
a 78 62 0 125 10
a 78 39 0 46 3
a 79 21 0 125 7
a 79 81 0 39 4
a 82 42 0 125 2
a 82 37 0 3 8
a 82 46 0 35 3
a 82 9 0 30 7
a 85 72 0 125 5
a 85 32 0 49 2
a 85 4 0 13 2
a 87 23 0 125 3
a 87 25 0 38 10
a 87 7 0 29 10
a 89 18 0 125 7
a 89 100 0 125 3
a 89 57 0 19 7
a 89 67 0 17 5
a 91 85 0 125 1
a 91 59 0 6 1
a 93 38 0 125 6
a 93 73 0 22 3
a 93 97 0 48 1
a 94 75 0 125 4
a 94 99 0 4 5
a 95 19 0 125 5
a 95 33 0 16 8
a 96 91 0 125 3
a 96 15 0 49 3
a 96 67 0 1 10
a 2 80 0 125 3
a 2 85 0 31 10
a 7 49 0 125 1
a 7 59 0 19 8
a 8 77 0 125 9
a 8 34 0 25 5
a 8 25 0 45 6
a 10 12 0 125 5
a 10 13 0 39 8
a 12 51 0 125 2
a 12 54 0 49 7
a 13 88 0 125 1
a 13 21 0 14 10
a 13 62 0 20 3
a 14 69 0 125 7
a 14 79 0 26 8
a 16 63 0 125 8
a 16 54 0 15 9
a 16 34 0 1 10
a 17 58 0 125 6
a 17 71 0 21 10
a 20 30 0 125 5
a 20 60 0 26 9
a 20 91 0 6 7
a 26 7 0 125 3
a 26 51 0 29 5
a 28 13 0 125 6
a 28 92 0 29 3
a 29 36 0 125 1
a 29 49 0 26 5
a 29 22 0 9 2
a 30 41 0 125 8
a 30 56 0 24 9
a 32 34 0 125 5
a 32 87 0 43 1
a 33 92 0 125 7
a 33 51 0 1 10
a 34 100 0 125 6
a 34 76 0 46 9
a 35 57 0 125 6
a 35 96 0 4 4
a 35 6 0 45 1
a 36 16 0 125 6
a 36 37 0 18 4
a 37 60 0 125 2
a 37 69 0 3 4
a 37 41 0 27 8
a 41 90 0 125 10
a 41 36 0 38 9
a 41 99 0 16 2
a 45 17 0 125 9
a 45 41 0 34 3
a 45 77 0 18 2
a 47 37 0 125 4
a 47 57 0 37 4
a 47 45 0 31 9
a 48 10 0 125 3
a 48 71 0 23 7
a 49 84 0 125 1
a 49 43 0 4 8
a 51 98 0 125 6
a 51 9 0 32 9
a 51 33 0 9 5
a 53 26 0 125 3
a 53 59 0 22 8
a 53 66 0 49 5
a 54 48 0 125 1
a 54 80 0 50 7
a 57 74 0 125 8
a 57 73 0 11 9
a 57 31 0 23 8
a 58 33 0 125 6
a 58 82 0 48 4
a 60 45 0 125 5
a 60 10 0 48 7
a 63 20 0 125 6
a 63 64 0 37 8
a 63 52 0 44 9
a 66 14 0 125 4
a 66 47 0 35 2
a 66 49 0 3 2
a 67 68 0 125 8
a 67 52 0 35 2
a 68 47 0 125 4
a 68 61 0 25 2
a 69 54 0 125 5
a 69 39 0 42 3
a 69 90 0 26 5
a 71 81 0 125 6
a 71 65 0 24 1
a 71 9 0 36 10
a 74 29 0 125 8
a 74 33 0 14 6
a 74 84 0 11 1
a 77 28 0 125 7
a 77 32 0 41 5
a 80 67 0 125 2
a 80 6 0 25 8
a 80 73 0 3 7
a 81 86 0 125 3
a 81 99 0 125 6
a 81 51 0 31 1
a 83 66 0 125 8
a 83 47 0 18 5
a 84 83 0 125 10
a 84 23 0 50 6
a 86 8 0 125 9
a 86 71 0 24 9
a 86 41 0 36 9
a 88 35 0 125 5
a 88 86 0 20 4
a 90 53 0 125 5
a 90 11 0 48 9
a 90 12 0 21 8
a 92 97 0 125 5
a 92 89 0 8 8
a 97 71 0 125 5
a 97 93 0 28 3
a 98 32 0 125 7
a 98 62 0 21 2
