c PyNETGEN v1.0.0
c $ pip install pynetgen
c
c  NETGEN flow network generation algorithm
c  Problem input parameters
c  -------------------------------------
c   Random seed:          61
c   Number of nodes:      100
c   Source nodes:         2
c   Sink nodes:           2
c   Number of arcs:       251
c   Minimum arc cost:     1
c   Maximum arc cost:     10
c   Total supply:         250
c   Transshipment -
c     Sources:            0
c     Sinks:              0
c   Skeleton arcs -
c     With max cost:      0
c     Capacitated:        100
c   Minimum arc capacity: 1
c   Maximum arc capacity: 50
c
c  *** Minimum cost flow ***
c
p min 100 251
n 1 103
n 2 147
n 99 -64
n 100 -186
a 1 88 0 103 7
a 1 53 0 2 8
a 4 14 0 103 7
a 4 35 0 13 7
a 6 54 0 103 9
a 6 84 0 11 7
a 8 62 0 103 7
a 8 33 0 45 9
a 10 90 0 103 10
a 10 30 0 30 1
a 10 78 0 19 9
a 11 100 0 103 4
a 11 16 0 48 3
a 11 55 0 29 1
a 12 80 0 103 8
a 12 100 0 39 7
a 12 27 0 42 1
a 13 21 0 103 7
a 13 54 0 30 6
a 13 31 0 35 5
a 13 67 0 49 3
a 14 19 0 103 7
a 14 3 0 31 3
a 16 57 0 103 10
a 16 33 0 17 6
a 16 53 0 35 9
a 16 90 0 19 5
a 17 34 0 103 8
a 17 99 0 103 6
a 17 37 0 18 4
a 18 17 0 103 5
a 18 95 0 15 1
a 18 33 0 36 6
a 18 20 0 33 8
a 19 67 0 103 2
a 19 49 0 20 10
a 19 92 0 9 10
a 19 89 0 7 2
a 21 43 0 103 10
a 21 65 0 43 10
a 22 65 0 103 10
a 22 29 0 42 9
a 22 32 0 49 6
a 22 38 0 7 9
a 27 69 0 103 9
a 27 89 0 47 5
a 27 100 0 26 6
a 28 12 0 103 3
a 28 35 0 4 9
a 28 22 0 40 5
a 29 84 0 103 2
a 29 38 0 19 5
a 30 66 0 103 6
a 30 95 0 23 6
a 31 11 0 103 3
a 31 65 0 37 10
a 31 64 0 39 6
a 32 18 0 103 9
a 32 12 0 10 9
a 32 8 0 42 1
a 34 28 0 103 6
a 34 52 0 37 6
a 37 31 0 103 9
a 37 6 0 27 10
a 37 51 0 21 1
a 43 96 0 103 8
a 43 89 0 40 6
a 44 55 0 103 9
a 44 83 0 26 8
a 54 44 0 103 8
a 54 90 0 39 5
a 54 24 0 11 8
a 55 86 0 103 7
a 55 45 0 49 2
a 55 6 0 22 2
a 57 98 0 103 3
a 57 44 0 48 7
a 57 31 0 8 9
a 62 4 0 103 4
a 62 99 0 29 10
a 65 37 0 103 2
a 65 46 0 43 4
a 65 5 0 27 7
a 66 97 0 103 2
a 66 36 0 18 5
a 67 10 0 103 9
a 67 41 0 50 9
a 69 76 0 103 9
a 69 77 0 43 1
a 70 22 0 103 2
a 70 46 0 11 10
a 73 16 0 103 2
a 73 68 0 46 8
a 76 70 0 103 5
a 76 50 0 43 9
a 76 87 0 7 10
a 80 29 0 103 8
a 80 78 0 48 2
a 80 44 0 39 5
a 81 73 0 103 5
a 81 30 0 13 1
a 81 80 0 28 5
a 84 8 0 103 2
a 84 29 0 14 6
a 86 13 0 103 8
a 86 8 0 36 1
a 88 30 0 103 8
a 88 16 0 42 8
a 90 6 0 103 7
a 90 14 0 40 6
a 94 27 0 103 5
a 94 15 0 4 6
a 94 21 0 28 2
a 96 81 0 103 2
a 96 98 0 48 8
a 97 32 0 103 5
a 97 92 0 25 10
a 97 85 0 11 2
a 98 94 0 103 9
a 98 53 0 22 5
a 2 68 0 147 2
a 2 36 0 43 4
a 2 12 0 26 8
a 3 93 0 147 5
a 3 86 0 38 3
a 3 79 0 48 9
a 5 74 0 147 6
a 5 71 0 31 8
a 7 58 0 147 10
a 7 64 0 43 7
a 7 92 0 8 9
a 9 75 0 147 6
a 9 70 0 32 6
a 9 43 0 24 2
a 15 39 0 147 8
a 15 99 0 147 9
a 15 46 0 34 7
a 20 91 0 147 5
a 20 7 0 18 5
a 23 45 0 147 4
a 23 40 0 23 9
a 23 16 0 43 3
a 24 7 0 147 7
a 24 64 0 34 1
a 24 63 0 17 9
a 25 72 0 147 8
a 25 11 0 13 3
a 25 54 0 37 5
a 26 95 0 147 10
a 26 98 0 18 1
a 33 53 0 147 2
a 33 63 0 31 1
a 35 38 0 147 6
a 35 11 0 20 1
a 36 64 0 147 4
a 36 8 0 6 7
a 38 20 0 147 6
a 38 60 0 35 1
a 38 54 0 17 9
a 39 56 0 147 5
a 39 69 0 42 8
a 40 52 0 147 8
a 40 96 0 10 5
a 41 71 0 147 10
a 41 17 0 21 5
a 42 100 0 147 9
a 42 61 0 6 4
a 42 26 0 28 4
a 42 57 0 9 5
a 45 60 0 147 3
a 45 98 0 2 1
a 45 26 0 31 4
a 46 50 0 147 9
a 46 94 0 8 6
a 47 9 0 147 1
a 47 52 0 21 8
a 48 49 0 147 6
a 48 40 0 41 4
a 48 92 0 23 3
a 49 78 0 147 10
a 49 82 0 28 6
a 49 83 0 10 4
a 50 85 0 147 6
a 50 36 0 15 4
a 51 87 0 147 4
a 51 59 0 46 5
a 51 97 0 28 5
a 52 3 0 147 2
a 52 12 0 1 7
a 52 6 0 29 4
a 53 23 0 147 5
a 53 4 0 15 2
a 53 25 0 5 2
a 56 92 0 147 7
a 56 69 0 16 8
a 58 79 0 147 4
a 58 91 0 30 10
a 59 51 0 147 8
a 59 65 0 37 9
a 59 96 0 34 8
a 60 40 0 147 5
a 60 28 0 2 5
a 60 37 0 2 10
a 61 89 0 147 8
a 61 37 0 28 7
a 61 57 0 48 4
a 63 26 0 147 10
a 63 27 0 2 7
a 64 61 0 147 2
a 64 57 0 15 2
a 68 77 0 147 10
a 68 62 0 3 2
a 68 7 0 13 3
a 71 47 0 147 3
a 71 80 0 17 9
a 72 33 0 147 4
a 72 71 0 37 10
a 74 59 0 147 7
a 74 80 0 25 1
a 75 63 0 147 6
a 75 92 0 5 5
a 77 46 0 147 3
a 77 54 0 23 2
a 78 5 0 147 3
a 78 8 0 35 4
a 79 41 0 147 10
a 79 58 0 34 7
a 82 48 0 147 3
a 82 44 0 16 2
a 82 24 0 29 1
a 82 72 0 45 2
a 83 35 0 147 3
a 83 98 0 17 4
a 85 15 0 147 6
a 85 95 0 32 2
a 85 99 0 9 3
a 87 36 0 147 4
a 87 57 0 30 2
a 89 83 0 147 10
a 89 26 0 8 8
a 89 70 0 18 1
a 91 25 0 147 4
a 91 62 0 28 3
a 91 73 0 29 5
a 92 24 0 147 1
a 92 41 0 11 4
a 92 73 0 38 6
a 93 42 0 147 2
a 93 40 0 45 7
a 95 82 0 147 9
a 95 23 0 49 9
