c PyNETGEN v1.0.0
c $ pip install pynetgen
c
c  NETGEN flow network generation algorithm
c  Problem input parameters
c  -------------------------------------
c   Random seed:          54
c   Number of nodes:      100
c   Source nodes:         2
c   Sink nodes:           2
c   Number of arcs:       251
c   Minimum arc cost:     1
c   Maximum arc cost:     10
c   Total supply:         250
c   Transshipment -
c     Sources:            0
c     Sinks:              0
c   Skeleton arcs -
c     With max cost:      0
c     Capacitated:        100
c   Minimum arc capacity: 1
c   Maximum arc capacity: 50
c
c  *** Minimum cost flow ***
c
p min 100 251
n 1 141
n 2 109
n 99 -141
n 100 -109
a 1 94 0 141 4
a 1 3 0 18 2
a 6 80 0 141 10
a 6 100 0 16 1
a 6 14 0 50 8
a 6 32 0 26 8
a 7 77 0 141 6
a 7 21 0 19 1
a 7 34 0 18 7
a 7 80 0 43 8
a 8 81 0 141 2
a 8 62 0 21 9
a 9 56 0 141 6
a 9 82 0 32 8
a 9 27 0 2 4
a 11 68 0 141 6
a 11 17 0 37 9
a 11 31 0 15 4
a 14 61 0 141 6
a 14 20 0 5 3
a 16 83 0 141 7
a 16 53 0 43 6
a 18 8 0 141 4
a 18 84 0 46 4
a 26 37 0 141 4
a 26 61 0 27 3
a 26 81 0 6 3
a 28 49 0 141 8
a 28 93 0 2 3
a 29 39 0 141 10
a 29 30 0 22 4
a 29 21 0 18 4
a 33 16 0 141 7
a 33 30 0 47 8
a 35 79 0 141 4
a 35 81 0 19 1
a 36 38 0 141 5
a 36 28 0 32 1
a 36 64 0 29 7
a 37 89 0 141 7
a 37 57 0 44 7
a 37 44 0 14 6
a 38 35 0 141 1
a 38 82 0 50 6
a 38 71 0 31 2
a 38 84 0 46 10
a 39 99 0 141 8
a 39 76 0 141 3
a 39 10 0 29 2
a 39 48 0 6 3
a 39 49 0 1 4
a 40 62 0 141 7
a 40 56 0 45 4
a 40 59 0 9 1
a 46 65 0 141 6
a 46 5 0 48 4
a 48 29 0 141 4
a 48 44 0 40 10
a 49 9 0 141 4
a 49 12 0 25 9
a 49 39 0 25 9
a 52 18 0 141 5
a 52 19 0 4 2
a 52 39 0 18 2
a 54 92 0 141 2
a 54 68 0 41 1
a 56 11 0 141 6
a 56 57 0 9 2
a 56 60 0 8 7
a 58 67 0 141 5
a 58 92 0 6 3
a 58 23 0 30 10
a 59 28 0 141 6
a 59 19 0 50 1
a 61 46 0 141 9
a 61 97 0 44 7
a 62 48 0 141 6
a 62 80 0 8 2
a 62 53 0 9 10
a 64 7 0 141 1
a 64 90 0 34 3
a 65 84 0 141 6
a 65 96 0 4 1
a 67 64 0 141 3
a 67 29 0 30 5
a 67 26 0 14 1
a 68 36 0 141 3
a 68 39 0 40 3
a 74 96 0 141 5
a 74 57 0 9 5
a 76 58 0 141 6
a 76 86 0 50 2
a 77 52 0 141 7
a 77 7 0 9 2
a 77 42 0 17 2
a 79 98 0 141 5
a 79 36 0 45 1
a 79 73 0 33 5
a 80 95 0 141 6
a 80 44 0 10 9
a 80 69 0 7 4
a 81 33 0 141 5
a 81 51 0 3 10
a 83 100 0 141 9
a 83 66 0 6 6
a 83 37 0 45 2
a 84 6 0 141 3
a 84 10 0 35 9
a 89 40 0 141 10
a 89 97 0 32 1
a 92 14 0 141 1
a 92 88 0 22 3
a 94 59 0 141 10
a 94 72 0 17 7
a 94 100 0 41 7
a 94 10 0 19 4
a 95 74 0 141 9
a 95 13 0 39 2
a 96 26 0 141 1
a 96 69 0 6 7
a 98 54 0 141 2
a 98 23 0 50 6
a 2 85 0 109 5
a 2 75 0 16 9
a 2 17 0 33 2
a 3 87 0 109 10
a 3 78 0 37 6
a 4 66 0 109 9
a 4 95 0 32 6
a 5 73 0 109 2
a 5 69 0 40 1
a 10 82 0 109 6
a 10 11 0 17 6
a 10 3 0 5 5
a 12 5 0 109 2
a 12 67 0 35 10
a 12 24 0 33 9
a 13 70 0 109 6
a 13 19 0 38 9
a 13 27 0 30 10
a 15 42 0 109 4
a 15 63 0 48 10
a 15 83 0 46 3
a 17 25 0 109 9
a 17 7 0 4 2
a 19 22 0 109 3
a 19 81 0 14 3
a 19 71 0 25 8
a 19 89 0 8 5
a 20 88 0 109 5
a 20 43 0 43 7
a 20 95 0 44 10
a 21 20 0 109 3
a 21 25 0 2 8
a 22 12 0 109 1
a 22 25 0 3 8
a 23 75 0 109 1
a 23 81 0 15 2
a 23 96 0 10 9
a 24 23 0 109 5
a 24 35 0 26 7
a 24 93 0 19 9
a 25 47 0 109 10
a 25 52 0 23 3
a 25 16 0 2 1
a 27 32 0 109 7
a 27 31 0 48 8
a 27 53 0 39 10
a 30 27 0 109 8
a 30 42 0 29 4
a 30 6 0 45 7
a 31 21 0 109 7
a 31 20 0 7 4
a 31 37 0 27 10
a 32 60 0 109 9
a 32 98 0 29 7
a 32 35 0 49 1
a 34 63 0 109 7
a 34 91 0 19 4
a 41 17 0 109 7
a 41 88 0 34 6
a 42 44 0 109 7
a 42 63 0 46 2
a 42 78 0 37 1
a 43 34 0 109 2
a 43 97 0 30 9
a 44 78 0 109 1
a 44 45 0 27 9
a 44 14 0 9 9
a 45 19 0 109 2
a 45 87 0 30 9
a 47 10 0 109 3
a 47 63 0 10 5
a 50 4 0 109 2
a 50 54 0 47 2
a 51 53 0 109 3
a 51 18 0 29 9
a 53 31 0 109 8
a 53 39 0 46 4
a 53 67 0 28 8
a 55 45 0 109 3
a 55 41 0 30 8
a 57 51 0 109 2
a 57 32 0 17 1
a 57 28 0 33 4
a 60 50 0 109 8
a 60 47 0 31 6
a 60 43 0 32 10
a 63 91 0 109 7
a 63 85 0 46 3
a 66 86 0 109 5
a 66 69 0 49 1
a 66 84 0 17 1
a 69 30 0 109 10
a 69 34 0 8 7
a 69 29 0 33 2
a 70 43 0 109 8
a 70 11 0 40 4
a 71 24 0 109 2
a 71 100 0 109 3
a 71 44 0 26 4
a 72 90 0 109 5
a 72 56 0 19 5
a 72 73 0 16 2
a 73 71 0 109 1
a 73 3 0 37 6
a 73 60 0 48 9
a 75 41 0 109 4
a 75 29 0 45 3
a 75 95 0 40 3
a 78 55 0 109 6
a 78 5 0 30 6
a 82 69 0 109 7
a 82 4 0 43 5
a 85 3 0 109 5
a 85 13 0 36 3
a 86 57 0 109 8
a 86 12 0 27 2
a 87 13 0 109 6
a 87 9 0 15 8
a 88 97 0 109 8
a 88 10 0 23 7
a 90 99 0 109 10
a 90 70 0 34 2
a 91 93 0 109 8
a 91 27 0 38 1
a 93 15 0 109 5
a 93 46 0 32 6
a 93 43 0 19 10
a 97 72 0 109 8
a 97 21 0 6 8
