c PyNETGEN v1.0.0
c $ pip install pynetgen
c
c  NETGEN flow network generation algorithm
c  Problem input parameters
c  -------------------------------------
c   Random seed:          16
c   Number of nodes:      100
c   Source nodes:         2
c   Sink nodes:           2
c   Number of arcs:       251
c   Minimum arc cost:     1
c   Maximum arc cost:     10
c   Total supply:         250
c   Transshipment -
c     Sources:            0
c     Sinks:              0
c   Skeleton arcs -
c     With max cost:      0
c     Capacitated:        100
c   Minimum arc capacity: 1
c   Maximum arc capacity: 50
c
c  *** Minimum cost flow ***
c
p min 100 251
n 1 125
n 2 125
n 99 -79
n 100 -171
a 1 38 0 125 4
a 1 86 0 30 9
a 1 13 0 8 3
a 3 78 0 125 7
a 3 4 0 39 1
a 3 21 0 23 7
a 3 23 0 8 6
a 10 44 0 125 5
a 10 58 0 39 7
a 10 5 0 17 3
a 10 33 0 26 3
a 14 45 0 125 7
a 14 84 0 36 2
a 14 82 0 34 2
a 15 33 0 125 1
a 15 54 0 26 5
a 16 87 0 125 2
a 16 15 0 10 1
a 16 57 0 42 10
a 19 22 0 125 5
a 19 6 0 42 3
a 19 69 0 2 10
a 19 11 0 4 9
a 21 66 0 125 2
a 21 90 0 12 5
a 22 93 0 125 5
a 22 15 0 32 3
a 22 68 0 6 4
a 22 34 0 48 4
a 26 52 0 125 4
a 26 20 0 18 6
a 26 54 0 8 5
a 27 26 0 125 9
a 27 72 0 24 8
a 29 37 0 125 5
a 29 46 0 34 1
a 30 97 0 125 2
a 30 87 0 14 3
a 30 96 0 11 7
a 33 94 0 125 10
a 33 14 0 17 3
a 33 9 0 14 10
a 34 21 0 125 10
a 34 33 0 12 2
a 34 82 0 41 10
a 37 67 0 125 7
a 37 58 0 50 9
a 37 40 0 6 5
a 38 19 0 125 5
a 38 64 0 22 2
a 38 60 0 33 5
a 39 40 0 125 10
a 39 29 0 39 5
a 40 15 0 125 5
a 40 61 0 15 10
a 41 59 0 125 2
a 41 82 0 35 8
a 41 12 0 12 9
a 42 88 0 125 5
a 42 37 0 2 2
a 43 75 0 125 5
a 43 91 0 28 9
a 43 83 0 31 4
a 44 43 0 125 5
a 44 45 0 18 6
a 44 13 0 1 10
a 45 69 0 125 6
a 45 70 0 50 7
a 47 56 0 125 8
a 47 76 0 31 6
a 50 47 0 125 7
a 50 85 0 13 5
a 50 26 0 39 2
a 52 84 0 125 9
a 52 68 0 30 10
a 56 99 0 125 8
a 56 83 0 125 4
a 56 22 0 35 1
a 56 48 0 49 10
a 58 91 0 125 4
a 58 29 0 10 10
a 59 3 0 125 9
a 59 75 0 49 9
a 59 81 0 10 1
a 66 100 0 125 1
a 66 7 0 47 10
a 67 96 0 125 7
a 67 84 0 34 6
a 68 39 0 125 2
a 68 22 0 43 10
a 68 4 0 21 2
a 69 82 0 125 8
a 69 85 0 12 4
a 73 16 0 125 1
a 73 4 0 36 6
a 74 58 0 125 10
a 74 37 0 22 2
a 74 93 0 10 5
a 75 73 0 125 4
a 75 56 0 48 10
a 75 96 0 31 2
a 78 30 0 125 9
a 78 8 0 42 3
a 78 60 0 47 8
a 82 27 0 125 8
a 82 60 0 14 8
a 83 14 0 125 7
a 83 59 0 19 2
a 83 18 0 17 9
a 84 34 0 125 7
a 84 18 0 44 6
a 87 29 0 125 5
a 87 16 0 18 9
a 87 69 0 41 5
a 88 50 0 125 9
a 88 55 0 28 2
a 90 92 0 125 7
a 90 25 0 18 7
a 90 88 0 32 6
a 91 68 0 125 9
a 91 60 0 26 2
a 92 74 0 125 3
a 92 66 0 30 3
a 92 10 0 31 6
a 93 90 0 125 8
a 93 94 0 44 4
a 94 10 0 125 8
a 94 85 0 15 1
a 94 83 0 43 6
a 96 41 0 125 2
a 96 8 0 47 5
a 97 42 0 125 10
a 97 35 0 1 8
a 2 32 0 125 5
a 2 54 0 20 1
a 2 9 0 35 10
a 4 98 0 125 7
a 4 93 0 46 1
a 4 19 0 37 9
a 5 64 0 125 5
a 5 37 0 29 8
a 5 66 0 33 7
a 6 7 0 125 10
a 6 12 0 40 7
a 7 80 0 125 5
a 7 28 0 34 5
a 7 92 0 7 7
a 8 35 0 125 2
a 8 83 0 39 7
a 9 61 0 125 4
a 9 84 0 50 9
a 11 25 0 125 6
a 11 86 0 48 5
a 12 100 0 125 6
a 12 93 0 30 8
a 13 8 0 125 8
a 13 81 0 31 5
a 13 85 0 35 3
a 17 13 0 125 7
a 17 85 0 3 1
a 18 57 0 125 9
a 18 36 0 11 10
a 18 55 0 2 1
a 20 62 0 125 4
a 20 12 0 33 10
a 23 70 0 125 2
a 23 37 0 17 6
a 24 95 0 125 7
a 24 30 0 32 9
a 24 29 0 29 1
a 25 24 0 125 5
a 25 96 0 40 7
a 28 12 0 125 10
a 28 84 0 3 1
a 31 85 0 125 5
a 31 53 0 22 8
a 32 79 0 125 5
a 32 87 0 30 10
a 35 28 0 125 4
a 35 56 0 34 6
a 35 27 0 38 3
a 36 53 0 125 8
a 36 87 0 40 4
a 46 5 0 125 6
a 46 90 0 46 3
a 48 46 0 125 7
a 48 58 0 10 6
a 48 51 0 3 10
a 49 9 0 125 6
a 49 67 0 15 4
a 51 86 0 125 6
a 51 78 0 22 3
a 51 99 0 47 7
a 53 63 0 125 7
a 53 40 0 12 4
a 54 36 0 125 4
a 54 37 0 30 4
a 54 62 0 41 3
a 54 86 0 36 10
a 55 18 0 125 2
a 55 20 0 12 2
a 57 77 0 125 10
a 57 48 0 25 8
a 60 49 0 125 4
a 60 27 0 6 8
a 60 16 0 49 10
a 61 54 0 125 9
a 61 57 0 20 1
a 62 60 0 125 6
a 62 99 0 125 6
a 62 9 0 32 9
a 62 94 0 32 6
a 63 76 0 125 3
a 63 37 0 32 8
a 63 19 0 1 4
a 64 31 0 125 9
a 64 29 0 14 7
a 65 89 0 125 6
a 65 44 0 18 7
a 70 20 0 125 4
a 70 67 0 39 2
a 71 72 0 125 3
a 71 80 0 32 1
a 72 4 0 125 4
a 72 22 0 8 4
a 72 55 0 21 4
a 76 6 0 125 1
a 76 33 0 33 3
a 77 11 0 125 3
a 77 56 0 23 10
a 79 55 0 125 6
a 79 6 0 5 4
a 79 56 0 37 8
a 80 48 0 125 8
a 80 56 0 12 7
a 81 51 0 125 6
a 81 91 0 28 1
a 85 17 0 125 9
a 85 60 0 20 5
a 85 63 0 11 3
a 85 43 0 17 5
a 86 65 0 125 8
a 86 89 0 19 7
a 89 71 0 125 7
a 89 60 0 13 4
a 89 84 0 38 1
a 95 81 0 125 3
a 95 8 0 2 2
a 98 23 0 125 5
a 98 79 0 47 9
a 98 6 0 8 6
