c PyNETGEN v1.0.0
c $ pip install pynetgen
c
c  NETGEN flow network generation algorithm
c  Problem input parameters
c  -------------------------------------
c   Random seed:          60
c   Number of nodes:      100
c   Source nodes:         2
c   Sink nodes:           2
c   Number of arcs:       251
c   Minimum arc cost:     1
c   Maximum arc cost:     10
c   Total supply:         250
c   Transshipment -
c     Sources:            0
c     Sinks:              0
c   Skeleton arcs -
c     With max cost:      0
c     Capacitated:        100
c   Minimum arc capacity: 1
c   Maximum arc capacity: 50
c
c  *** Minimum cost flow ***
c
p min 100 251
n 1 46
n 2 204
n 99 -11
n 100 -239
a 1 80 0 46 2
a 1 14 0 48 2
a 4 73 0 46 2
a 4 38 0 50 7
a 7 58 0 46 6
a 7 69 0 32 10
a 7 60 0 3 4
a 8 95 0 46 9
a 8 20 0 15 6
a 12 100 0 46 1
a 12 55 0 25 1
a 13 7 0 46 6
a 13 86 0 19 8
a 15 96 0 46 8
a 15 6 0 7 1
a 16 46 0 46 3
a 16 26 0 27 7
a 16 44 0 43 4
a 16 80 0 32 10
a 18 97 0 46 1
a 18 95 0 24 10
a 18 70 0 32 8
a 18 75 0 35 1
a 21 89 0 46 5
a 21 12 0 38 8
a 23 84 0 46 1
a 23 17 0 18 6
a 24 16 0 46 7
a 24 35 0 6 3
a 24 25 0 27 7
a 26 27 0 46 2
a 26 60 0 14 2
a 26 69 0 26 9
a 27 32 0 46 4
a 27 51 0 5 10
a 27 64 0 38 8
a 27 36 0 13 9
a 30 15 0 46 4
a 30 90 0 21 5
a 30 89 0 40 8
a 31 67 0 46 6
a 31 49 0 38 7
a 31 43 0 18 4
a 31 87 0 13 5
a 32 18 0 46 5
a 32 40 0 36 7
a 32 85 0 15 10
a 35 75 0 46 7
a 35 11 0 41 10
a 39 41 0 46 2
a 39 76 0 24 8
a 39 52 0 18 8
a 40 4 0 46 7
a 40 9 0 19 5
a 40 47 0 16 5
a 40 33 0 4 2
a 41 87 0 46 8
a 41 21 0 43 6
a 43 21 0 46 9
a 43 55 0 38 3
a 43 15 0 19 3
a 45 60 0 46 6
a 45 23 0 40 7
a 45 38 0 8 7
a 46 68 0 46 5
a 46 78 0 1 9
a 52 35 0 46 10
a 52 48 0 40 2
a 52 12 0 42 4
a 56 26 0 46 2
a 56 29 0 31 8
a 58 39 0 46 7
a 58 18 0 17 8
a 60 23 0 46 1
a 60 38 0 15 4
a 63 8 0 46 9
a 63 61 0 44 1
a 63 100 0 26 6
a 63 94 0 43 6
a 64 65 0 46 6
a 64 83 0 29 7
a 64 96 0 6 6
a 65 52 0 46 7
a 65 14 0 4 3
a 67 63 0 46 9
a 67 24 0 18 3
a 67 65 0 36 7
a 68 93 0 46 10
a 68 27 0 50 3
a 68 82 0 43 8
a 70 88 0 46 2
a 70 52 0 23 4
a 72 45 0 46 8
a 72 50 0 9 10
a 72 63 0 25 8
a 73 30 0 46 7
a 73 42 0 32 6
a 75 76 0 46 4
a 75 14 0 11 7
a 75 86 0 37 3
a 76 94 0 46 1
a 76 10 0 19 4
a 76 40 0 13 3
a 80 13 0 46 5
a 80 83 0 35 4
a 80 14 0 23 7
a 81 91 0 46 3
a 81 8 0 38 1
a 81 9 0 26 4
a 84 43 0 46 2
a 84 78 0 30 1
a 87 64 0 46 8
a 87 88 0 15 2
a 88 24 0 46 8
a 88 67 0 6 10
a 89 70 0 46 4
a 89 64 0 27 7
a 90 56 0 46 9
a 90 54 0 19 7
a 91 99 0 46 6
a 91 90 0 46 8
a 91 79 0 13 8
a 91 11 0 7 5
a 93 40 0 46 5
a 93 63 0 25 7
a 94 81 0 46 9
a 94 24 0 31 9
a 94 34 0 44 10
a 95 72 0 46 1
a 95 89 0 4 1
a 96 12 0 46 5
a 96 57 0 26 1
a 96 88 0 26 7
a 97 31 0 46 6
a 97 93 0 8 6
a 97 77 0 44 8
a 2 85 0 204 1
a 2 41 0 19 8
a 2 84 0 14 10
a 3 5 0 204 7
a 3 35 0 40 6
a 5 53 0 204 9
a 5 66 0 34 3
a 6 74 0 204 7
a 6 48 0 19 7
a 9 79 0 204 3
a 9 96 0 6 1
a 10 33 0 204 10
a 10 17 0 48 1
a 11 22 0 204 4
a 11 38 0 32 3
a 14 10 0 204 9
a 14 78 0 31 2
a 14 60 0 8 10
a 17 38 0 204 7
a 17 30 0 48 7
a 19 6 0 204 8
a 19 21 0 27 10
a 19 31 0 28 5
a 20 54 0 204 10
a 20 71 0 1 3
a 20 27 0 4 4
a 22 14 0 204 6
a 22 29 0 49 6
a 22 53 0 7 1
a 25 3 0 204 10
a 25 24 0 47 4
a 28 98 0 204 6
a 28 48 0 15 7
a 28 73 0 20 7
a 29 9 0 204 7
a 29 90 0 23 5
a 33 86 0 204 3
a 33 29 0 41 3
a 33 48 0 22 6
a 34 19 0 204 8
a 34 54 0 36 5
a 34 49 0 23 5
a 36 78 0 204 2
a 36 84 0 24 1
a 37 34 0 204 6
a 37 17 0 9 6
a 37 50 0 18 4
a 38 92 0 204 8
a 38 78 0 25 5
a 38 43 0 42 7
a 42 29 0 204 1
a 42 32 0 41 4
a 42 60 0 39 1
a 44 17 0 204 1
a 44 92 0 11 2
a 47 37 0 204 2
a 47 98 0 28 1
a 48 44 0 204 2
a 48 88 0 10 1
a 49 51 0 204 7
a 49 97 0 20 8
a 49 18 0 32 1
a 50 28 0 204 6
a 50 18 0 29 3
a 51 48 0 204 6
a 51 6 0 29 8
a 53 11 0 204 8
a 53 94 0 24 5
a 54 49 0 204 10
a 54 99 0 48 10
a 54 59 0 37 8
a 55 57 0 204 9
a 55 61 0 42 3
a 55 48 0 18 4
a 57 50 0 204 6
a 57 25 0 36 2
a 57 63 0 24 8
a 59 42 0 204 2
a 59 48 0 47 1
a 61 100 0 204 1
a 61 6 0 14 4
a 61 78 0 28 3
a 62 25 0 204 9
a 62 17 0 20 8
a 66 77 0 204 4
a 66 5 0 49 4
a 66 45 0 29 9
a 69 83 0 204 5
a 69 36 0 30 1
a 69 47 0 2 5
a 71 55 0 204 2
a 71 9 0 21 4
a 71 4 0 31 9
a 74 62 0 204 8
a 74 100 0 5 7
a 77 69 0 204 9
a 77 36 0 20 8
a 77 61 0 28 2
a 78 20 0 204 1
a 78 41 0 31 9
a 79 71 0 204 2
a 79 35 0 41 7
a 82 99 0 204 6
a 82 36 0 204 6
a 82 29 0 14 6
a 83 47 0 204 5
a 83 55 0 9 7
a 85 66 0 204 6
a 85 65 0 13 4
a 86 82 0 204 4
a 86 7 0 10 8
a 92 59 0 204 7
a 92 20 0 22 10
a 98 61 0 204 7
a 98 55 0 34 4
