c PyNETGEN v1.0.0
c $ pip install pynetgen
c
c  NETGEN flow network generation algorithm
c  Problem input parameters
c  -------------------------------------
c   Random seed:          36
c   Number of nodes:      100
c   Source nodes:         2
c   Sink nodes:           2
c   Number of arcs:       251
c   Minimum arc cost:     1
c   Maximum arc cost:     10
c   Total supply:         250
c   Transshipment -
c     Sources:            0
c     Sinks:              0
c   Skeleton arcs -
c     With max cost:      0
c     Capacitated:        100
c   Minimum arc capacity: 1
c   Maximum arc capacity: 50
c
c  *** Minimum cost flow ***
c
p min 100 251
n 1 215
n 2 35
n 99 -144
n 100 -106
a 1 74 0 215 1
a 1 35 0 28 5
a 1 76 0 47 1
a 1 25 0 11 2
a 5 73 0 215 6
a 5 30 0 49 8
a 5 57 0 41 10
a 6 39 0 215 3
a 6 53 0 30 4
a 6 57 0 29 7
a 6 70 0 33 3
a 8 76 0 215 2
a 8 79 0 40 10
a 8 60 0 4 9
a 8 20 0 34 3
a 9 38 0 215 9
a 9 56 0 26 2
a 9 88 0 25 1
a 9 46 0 19 3
a 10 35 0 215 7
a 10 27 0 36 7
a 12 96 0 215 9
a 12 39 0 32 9
a 12 68 0 29 4
a 15 12 0 215 2
a 15 31 0 35 9
a 15 24 0 20 10
a 17 98 0 215 8
a 17 8 0 34 7
a 18 55 0 215 6
a 18 75 0 15 3
a 18 15 0 27 3
a 24 26 0 215 6
a 24 9 0 13 8
a 26 82 0 215 1
a 26 98 0 12 10
a 28 77 0 215 7
a 28 63 0 6 1
a 28 42 0 3 3
a 29 75 0 215 5
a 29 94 0 12 3
a 29 63 0 42 2
a 30 5 0 215 10
a 30 78 0 17 10
a 35 57 0 215 2
a 35 83 0 32 8
a 35 12 0 40 10
a 36 8 0 215 10
a 36 28 0 35 5
a 36 93 0 49 6
a 38 61 0 215 3
a 38 87 0 50 4
a 38 64 0 2 5
a 39 90 0 215 10
a 39 100 0 20 7
a 39 43 0 1 7
a 40 6 0 215 4
a 40 21 0 25 4
a 40 59 0 23 2
a 42 79 0 215 2
a 42 90 0 23 7
a 43 100 0 215 4
a 43 86 0 45 6
a 44 46 0 215 4
a 44 14 0 26 10
a 44 73 0 1 6
a 45 93 0 215 8
a 45 62 0 15 5
a 45 10 0 5 1
a 46 24 0 215 9
a 46 45 0 9 10
a 48 17 0 215 6
a 48 71 0 10 2
a 55 65 0 215 1
a 55 70 0 20 9
a 55 21 0 4 9
a 56 10 0 215 5
a 56 72 0 36 8
a 57 43 0 215 5
a 57 58 0 34 2
a 57 34 0 39 10
a 61 30 0 215 4
a 61 25 0 10 7
a 61 36 0 34 1
a 62 40 0 215 6
a 62 15 0 30 1
a 62 21 0 12 6
a 65 44 0 215 9
a 65 5 0 1 1
a 65 52 0 25 6
a 67 68 0 215 1
a 67 64 0 43 9
a 68 42 0 215 4
a 68 30 0 44 3
a 68 40 0 13 10
a 71 92 0 215 10
a 71 32 0 19 8
a 72 28 0 215 5
a 72 9 0 17 4
a 72 14 0 22 9
a 73 80 0 215 3
a 73 99 0 50 6
a 73 84 0 17 1
a 74 9 0 215 8
a 74 31 0 9 5
a 75 71 0 215 3
a 75 48 0 15 3
a 75 84 0 42 5
a 76 72 0 215 6
a 76 5 0 31 5
a 77 62 0 215 9
a 77 66 0 28 3
a 79 56 0 215 7
a 79 32 0 14 6
a 80 95 0 215 4
a 80 62 0 14 4
a 80 97 0 46 2
a 82 86 0 215 4
a 82 99 0 215 2
a 82 62 0 22 6
a 86 94 0 215 4
a 86 38 0 17 10
a 90 48 0 215 4
a 90 40 0 20 3
a 90 38 0 16 6
a 92 18 0 215 1
a 92 29 0 39 4
a 92 100 0 45 7
a 93 29 0 215 5
a 93 81 0 41 5
a 94 36 0 215 6
a 94 100 0 26 5
a 94 16 0 26 10
a 95 15 0 215 2
a 95 19 0 44 2
a 95 69 0 35 6
a 96 45 0 215 3
a 96 100 0 7 6
a 96 49 0 39 2
a 98 67 0 215 10
a 98 45 0 10 2
a 98 19 0 38 5
a 2 91 0 35 2
a 2 28 0 2 10
a 3 41 0 35 3
a 3 100 0 29 9
a 3 6 0 44 9
a 4 70 0 35 7
a 4 44 0 38 7
a 4 87 0 15 3
a 7 60 0 35 9
a 7 70 0 12 6
a 11 97 0 35 9
a 11 6 0 34 9
a 13 87 0 35 2
a 13 71 0 18 10
a 14 78 0 35 10
a 14 99 0 35 9
a 14 6 0 9 6
a 14 20 0 40 7
a 16 13 0 35 10
a 16 45 0 43 1
a 19 32 0 35 4
a 19 75 0 23 8
a 19 64 0 39 4
a 20 21 0 35 7
a 20 52 0 2 8
a 20 92 0 16 4
a 21 31 0 35 7
a 21 88 0 25 3
a 21 14 0 21 6
a 22 63 0 35 7
a 22 90 0 20 5
a 23 83 0 35 5
a 23 44 0 25 3
a 25 37 0 35 2
a 25 36 0 49 2
a 25 21 0 32 3
a 27 51 0 35 5
a 27 71 0 41 6
a 31 27 0 35 10
a 31 56 0 30 4
a 31 94 0 33 10
a 32 23 0 35 7
a 32 11 0 39 6
a 32 37 0 48 5
a 33 19 0 35 1
a 33 53 0 41 5
a 34 20 0 35 2
a 34 77 0 24 5
a 34 64 0 49 7
a 37 69 0 35 2
a 37 57 0 48 6
a 41 33 0 35 5
a 41 51 0 27 4
a 47 16 0 35 3
a 47 33 0 40 3
a 47 14 0 35 9
a 49 25 0 35 8
a 49 45 0 11 9
a 49 27 0 7 8
a 50 54 0 35 3
a 50 72 0 7 4
a 50 51 0 4 6
a 51 85 0 35 7
a 51 48 0 13 8
a 51 42 0 33 2
a 52 22 0 35 6
a 52 62 0 35 5
a 52 4 0 43 10
a 53 64 0 35 10
a 53 22 0 6 2
a 53 44 0 44 6
a 54 81 0 35 8
a 54 33 0 15 8
a 58 100 0 35 9
a 58 29 0 17 10
a 59 88 0 35 10
a 59 55 0 43 5
a 60 14 0 35 10
a 60 35 0 2 1
a 63 7 0 35 7
a 63 28 0 12 6
a 64 66 0 35 1
a 64 11 0 19 6
a 66 11 0 35 4
a 66 72 0 47 3
a 69 58 0 35 2
a 69 9 0 47 9
a 70 89 0 35 7
a 70 19 0 41 4
a 78 49 0 35 5
a 78 83 0 35 10
a 81 52 0 35 9
a 81 66 0 17 9
a 83 53 0 35 9
a 83 79 0 39 9
a 84 50 0 35 4
a 84 100 0 10 10
a 85 84 0 35 8
a 85 88 0 40 2
a 87 59 0 35 8
a 87 73 0 7 8
a 88 34 0 35 2
a 88 93 0 17 6
a 89 47 0 35 10
a 89 37 0 47 8
a 91 3 0 35 4
a 91 52 0 13 7
a 97 4 0 35 8
a 97 16 0 22 7
