c PyNETGEN v1.0.0
c $ pip install pynetgen
c
c  NETGEN flow network generation algorithm
c  Problem input parameters
c  -------------------------------------
c   Random seed:          58
c   Number of nodes:      100
c   Source nodes:         2
c   Sink nodes:           2
c   Number of arcs:       251
c   Minimum arc cost:     1
c   Maximum arc cost:     10
c   Total supply:         250
c   Transshipment -
c     Sources:            0
c     Sinks:              0
c   Skeleton arcs -
c     With max cost:      0
c     Capacitated:        100
c   Minimum arc capacity: 1
c   Maximum arc capacity: 50
c
c  *** Minimum cost flow ***
c
p min 100 251
n 1 143
n 2 107
n 99 -165
n 100 -85
a 1 95 0 143 5
a 1 32 0 37 3
a 6 78 0 143 9
a 6 81 0 21 4
a 6 36 0 33 7
a 6 12 0 30 6
a 9 94 0 143 5
a 9 46 0 20 5
a 9 70 0 15 5
a 10 87 0 143 6
a 10 24 0 34 2
a 15 69 0 143 10
a 15 31 0 8 8
a 16 71 0 143 6
a 16 45 0 22 2
a 16 67 0 24 7
a 20 64 0 143 7
a 20 17 0 18 4
a 20 99 0 39 8
a 24 56 0 143 7
a 24 72 0 27 4
a 25 54 0 143 9
a 25 87 0 49 10
a 27 28 0 143 2
a 27 6 0 30 9
a 27 41 0 3 5
a 27 55 0 13 5
a 28 58 0 143 2
a 28 43 0 38 3
a 28 75 0 19 7
a 29 33 0 143 2
a 29 75 0 33 5
a 30 10 0 143 3
a 30 64 0 16 8
a 30 59 0 6 10
a 30 85 0 17 10
a 33 62 0 143 6
a 33 17 0 11 7
a 33 12 0 5 7
a 37 68 0 143 10
a 37 27 0 23 5
a 38 100 0 143 2
a 38 15 0 143 6
a 38 54 0 43 1
a 38 58 0 37 9
a 43 76 0 143 7
a 43 67 0 8 6
a 44 84 0 143 3
a 44 80 0 8 8
a 44 12 0 17 9
a 47 55 0 143 5
a 47 95 0 36 4
a 48 85 0 143 8
a 48 56 0 17 2
a 48 28 0 46 2
a 48 44 0 19 5
a 49 57 0 143 4
a 49 26 0 16 2
a 49 39 0 45 5
a 51 93 0 143 9
a 51 70 0 17 10
a 54 79 0 143 9
a 54 13 0 26 3
a 54 11 0 45 7
a 55 73 0 143 1
a 55 78 0 36 1
a 55 54 0 30 5
a 56 67 0 143 6
a 56 78 0 46 7
a 56 6 0 5 3
a 57 44 0 143 4
a 57 82 0 12 8
a 57 46 0 8 4
a 58 51 0 143 1
a 58 4 0 22 1
a 58 34 0 44 6
a 59 92 0 143 10
a 59 5 0 32 7
a 61 82 0 143 5
a 61 15 0 45 4
a 62 37 0 143 7
a 62 20 0 17 3
a 64 49 0 143 2
a 64 75 0 1 4
a 64 7 0 45 1
a 67 72 0 143 3
a 67 30 0 46 10
a 68 30 0 143 9
a 68 76 0 42 8
a 69 24 0 143 6
a 69 80 0 35 6
a 69 38 0 9 8
a 71 38 0 143 8
a 71 53 0 39 9
a 72 59 0 143 9
a 72 65 0 18 8
a 72 75 0 1 4
a 73 99 0 143 10
a 73 79 0 29 3
a 76 61 0 143 1
a 76 20 0 2 1
a 76 15 0 31 4
a 78 25 0 143 9
a 78 39 0 37 10
a 78 40 0 31 1
a 79 29 0 143 3
a 79 8 0 11 7
a 82 48 0 143 5
a 82 7 0 33 3
a 84 16 0 143 2
a 84 34 0 14 6
a 85 89 0 143 8
a 85 83 0 34 5
a 85 96 0 27 9
a 87 20 0 143 3
a 87 34 0 28 5
a 87 39 0 8 4
a 89 9 0 143 4
a 89 51 0 37 8
a 89 97 0 8 2
a 92 27 0 143 8
a 92 10 0 42 4
a 92 74 0 21 5
a 93 43 0 143 2
a 93 97 0 26 8
a 93 29 0 37 4
a 94 47 0 143 4
a 94 26 0 36 5
a 95 6 0 143 4
a 95 94 0 50 1
a 2 21 0 107 5
a 2 80 0 16 8
a 2 77 0 13 6
a 3 42 0 107 1
a 3 60 0 46 10
a 4 65 0 107 7
a 4 96 0 13 5
a 4 99 0 38 7
a 5 23 0 107 2
a 5 35 0 9 3
a 7 4 0 107 9
a 7 30 0 31 4
a 8 96 0 107 9
a 8 68 0 2 7
a 8 31 0 15 1
a 11 45 0 107 2
a 11 26 0 42 6
a 11 95 0 16 7
a 12 26 0 107 6
a 12 81 0 20 5
a 13 86 0 107 10
a 13 80 0 25 5
a 14 39 0 107 4
a 14 35 0 8 6
a 14 93 0 44 1
a 17 91 0 107 3
a 17 34 0 40 2
a 17 88 0 25 4
a 18 50 0 107 10
a 18 33 0 37 4
a 18 67 0 24 2
a 19 52 0 107 9
a 19 81 0 15 3
a 19 42 0 7 5
a 21 46 0 107 4
a 21 26 0 38 7
a 21 64 0 13 1
a 22 34 0 107 7
a 22 98 0 38 9
a 22 59 0 22 5
a 23 80 0 107 2
a 23 12 0 31 5
a 26 5 0 107 10
a 26 61 0 4 1
a 31 88 0 107 3
a 31 62 0 35 7
a 32 17 0 107 9
a 32 63 0 1 1
a 32 95 0 40 1
a 34 74 0 107 6
a 34 82 0 30 8
a 34 30 0 43 7
a 35 40 0 107 4
a 35 70 0 50 7
a 36 75 0 107 4
a 36 63 0 39 10
a 36 59 0 30 7
a 39 77 0 107 1
a 39 35 0 27 7
a 39 11 0 8 2
a 40 19 0 107 3
a 40 89 0 29 6
a 40 16 0 23 9
a 41 70 0 107 1
a 41 21 0 38 7
a 42 83 0 107 8
a 42 27 0 23 7
a 45 18 0 107 3
a 45 40 0 7 6
a 46 81 0 107 1
a 46 60 0 45 4
a 46 62 0 47 9
a 50 13 0 107 7
a 50 74 0 6 7
a 52 63 0 107 10
a 52 54 0 49 5
a 53 90 0 107 6
a 53 43 0 50 4
a 60 22 0 107 5
a 60 15 0 46 7
a 63 31 0 107 8
a 63 29 0 7 6
a 65 60 0 107 6
a 65 69 0 49 1
a 65 66 0 33 1
a 66 11 0 107 6
a 66 9 0 2 5
a 70 7 0 107 3
a 70 72 0 31 8
a 70 14 0 35 4
a 74 97 0 107 5
a 74 36 0 22 8
a 75 14 0 107 10
a 75 97 0 4 10
a 77 98 0 107 9
a 77 18 0 40 10
a 80 32 0 107 2
a 80 94 0 22 1
a 80 54 0 13 3
a 81 36 0 107 5
a 81 63 0 24 6
a 83 41 0 107 9
a 83 9 0 46 7
a 86 12 0 107 8
a 86 29 0 13 8
a 88 3 0 107 4
a 88 95 0 48 2
a 88 80 0 6 1
a 90 99 0 107 4
a 90 40 0 11 3
a 90 98 0 36 7
a 91 100 0 107 6
a 91 35 0 107 7
a 91 41 0 3 10
a 96 53 0 107 7
a 96 7 0 23 4
a 96 63 0 4 6
a 97 8 0 107 3
a 97 77 0 20 9
a 98 66 0 107 3
a 98 54 0 10 1
