c PyNETGEN v1.0.0
c $ pip install pynetgen
c
c  NETGEN flow network generation algorithm
c  Problem input parameters
c  -------------------------------------
c   Random seed:          18
c   Number of nodes:      100
c   Source nodes:         2
c   Sink nodes:           2
c   Number of arcs:       251
c   Minimum arc cost:     1
c   Maximum arc cost:     10
c   Total supply:         250
c   Transshipment -
c     Sources:            0
c     Sinks:              0
c   Skeleton arcs -
c     With max cost:      0
c     Capacitated:        100
c   Minimum arc capacity: 1
c   Maximum arc capacity: 50
c
c  *** Minimum cost flow ***
c
p min 100 251
n 1 221
n 2 29
n 99 -236
n 100 -14
a 1 54 0 221 1
a 1 68 0 38 8
a 1 88 0 24 1
a 7 15 0 221 6
a 7 17 0 32 9
a 11 93 0 221 5
a 11 27 0 46 9
a 15 61 0 221 7
a 15 77 0 39 1
a 15 80 0 15 9
a 17 39 0 221 7
a 17 11 0 40 7
a 21 27 0 221 4
a 21 41 0 26 10
a 21 77 0 16 2
a 23 100 0 221 5
a 23 50 0 221 10
a 23 84 0 23 8
a 25 69 0 221 2
a 25 20 0 27 9
a 25 54 0 17 2
a 26 71 0 221 9
a 26 96 0 45 10
a 26 74 0 12 5
a 27 78 0 221 6
a 27 13 0 42 3
a 27 74 0 36 4
a 31 77 0 221 5
a 31 80 0 43 6
a 32 33 0 221 8
a 32 80 0 29 8
a 33 11 0 221 1
a 33 36 0 15 2
a 35 70 0 221 7
a 35 96 0 1 1
a 36 89 0 221 2
a 36 7 0 7 9
a 36 23 0 30 7
a 37 84 0 221 2
a 37 10 0 23 3
a 38 59 0 221 1
a 38 55 0 49 10
a 38 32 0 5 9
a 38 57 0 47 4
a 39 26 0 221 4
a 39 73 0 6 5
a 39 83 0 47 9
a 41 74 0 221 4
a 41 79 0 27 8
a 44 52 0 221 6
a 44 48 0 1 2
a 44 38 0 11 4
a 46 31 0 221 9
a 46 43 0 37 9
a 48 65 0 221 5
a 48 46 0 50 1
a 48 11 0 31 1
a 48 20 0 12 3
a 49 73 0 221 1
a 49 82 0 9 5
a 49 15 0 9 7
a 50 99 0 221 9
a 50 73 0 50 8
a 50 81 0 40 6
a 50 29 0 38 7
a 51 95 0 221 10
a 51 75 0 14 8
a 52 51 0 221 5
a 52 66 0 19 3
a 52 96 0 37 10
a 52 20 0 35 5
a 53 46 0 221 2
a 53 89 0 35 9
a 53 54 0 34 1
a 54 53 0 221 7
a 54 12 0 32 1
a 54 38 0 26 3
a 56 36 0 221 9
a 56 76 0 37 3
a 59 37 0 221 1
a 59 53 0 10 5
a 61 38 0 221 6
a 61 88 0 1 9
a 62 44 0 221 4
a 62 88 0 42 7
a 65 32 0 221 10
a 65 33 0 25 10
a 65 9 0 12 5
a 69 23 0 221 7
a 69 54 0 35 8
a 70 25 0 221 4
a 70 96 0 34 7
a 70 12 0 31 1
a 71 35 0 221 6
a 71 94 0 22 7
a 71 93 0 38 4
a 73 41 0 221 7
a 73 5 0 45 8
a 73 14 0 14 4
a 74 90 0 221 2
a 74 29 0 2 2
a 77 56 0 221 7
a 77 95 0 35 4
a 78 81 0 221 6
a 78 90 0 34 5
a 81 91 0 221 8
a 81 27 0 43 8
a 81 40 0 29 5
a 81 15 0 12 2
a 84 48 0 221 7
a 84 28 0 49 10
a 85 7 0 221 8
a 85 19 0 12 9
a 89 97 0 221 1
a 89 86 0 30 1
a 90 17 0 221 6
a 90 34 0 15 7
a 91 49 0 221 7
a 91 80 0 30 7
a 91 83 0 35 2
a 91 23 0 46 9
a 93 62 0 221 4
a 93 58 0 16 6
a 93 47 0 34 7
a 95 21 0 221 7
a 95 60 0 6 5
a 95 9 0 45 6
a 97 85 0 221 3
a 97 6 0 13 6
a 2 96 0 29 7
a 2 3 0 12 9
a 2 36 0 25 7
a 3 88 0 29 1
a 3 54 0 18 7
a 4 34 0 29 7
a 4 68 0 29 2
a 5 18 0 29 5
a 5 61 0 24 9
a 6 79 0 29 9
a 6 13 0 43 3
a 8 100 0 29 10
a 8 6 0 29 7
a 8 88 0 16 5
a 8 95 0 23 5
a 9 76 0 29 5
a 9 3 0 17 5
a 9 44 0 41 1
a 10 80 0 29 8
a 10 14 0 25 8
a 12 13 0 29 5
a 12 10 0 26 5
a 12 97 0 48 10
a 13 5 0 29 8
a 13 4 0 11 6
a 14 87 0 29 3
a 14 44 0 8 3
a 14 32 0 21 9
a 16 10 0 29 5
a 16 98 0 30 2
a 18 75 0 29 9
a 18 36 0 4 6
a 19 42 0 29 7
a 19 74 0 46 3
a 19 36 0 12 3
a 20 67 0 29 10
a 20 83 0 24 1
a 20 92 0 25 8
a 22 83 0 29 7
a 22 63 0 9 9
a 22 62 0 38 7
a 24 14 0 29 1
a 24 29 0 49 2
a 28 19 0 29 9
a 28 64 0 18 3
a 29 60 0 29 8
a 29 45 0 15 5
a 30 47 0 29 10
a 30 22 0 40 2
a 34 94 0 29 3
a 34 37 0 21 2
a 34 48 0 34 1
a 40 30 0 29 9
a 40 58 0 17 4
a 42 12 0 29 4
a 42 7 0 45 7
a 43 92 0 29 8
a 43 27 0 26 1
a 43 98 0 46 3
a 45 72 0 29 5
a 45 39 0 11 8
a 47 57 0 29 10
a 47 75 0 5 5
a 55 63 0 29 8
a 55 89 0 23 8
a 55 47 0 14 1
a 57 98 0 29 7
a 57 82 0 44 7
a 58 66 0 29 8
a 58 98 0 33 5
a 58 43 0 6 10
a 60 86 0 29 9
a 60 8 0 47 2
a 60 5 0 29 6
a 60 40 0 1 2
a 63 16 0 29 4
a 63 42 0 32 8
a 64 82 0 29 7
a 64 52 0 42 6
a 64 56 0 18 3
a 66 9 0 29 2
a 66 86 0 9 7
a 66 60 0 27 5
a 67 43 0 29 6
a 67 25 0 23 4
a 67 46 0 8 8
a 68 24 0 29 5
a 68 65 0 9 9
a 72 8 0 29 9
a 72 30 0 22 8
a 72 79 0 14 7
a 75 58 0 29 5
a 75 68 0 49 8
a 76 68 0 29 5
a 76 10 0 6 7
a 79 28 0 29 10
a 79 3 0 11 6
a 79 56 0 49 7
a 80 40 0 29 10
a 80 55 0 49 5
a 80 34 0 14 3
a 82 20 0 29 6
a 82 79 0 43 4
a 82 74 0 43 9
a 83 45 0 29 5
a 83 84 0 9 5
a 86 64 0 29 5
a 86 56 0 20 5
a 87 4 0 29 1
a 87 19 0 4 4
a 87 21 0 38 8
a 88 55 0 29 9
a 88 26 0 23 3
a 92 99 0 29 4
a 92 78 0 10 8
a 94 29 0 29 9
a 94 44 0 29 1
a 94 63 0 49 8
a 96 3 0 29 6
a 96 76 0 7 4
a 98 22 0 29 8
a 98 9 0 35 9
