c PyNETGEN v1.0.0
c $ pip install pynetgen
c
c  NETGEN flow network generation algorithm
c  Problem input parameters
c  -------------------------------------
c   Random seed:          83
c   Number of nodes:      100
c   Source nodes:         2
c   Sink nodes:           2
c   Number of arcs:       251
c   Minimum arc cost:     1
c   Maximum arc cost:     10
c   Total supply:         250
c   Transshipment -
c     Sources:            0
c     Sinks:              0
c   Skeleton arcs -
c     With max cost:      0
c     Capacitated:        100
c   Minimum arc capacity: 1
c   Maximum arc capacity: 50
c
c  *** Minimum cost flow ***
c
p min 100 251
n 1 161
n 2 89
n 99 -73
n 100 -177
a 1 13 0 161 1
a 1 51 0 11 6
a 1 21 0 19 7
a 3 38 0 161 6
a 3 57 0 16 6
a 4 59 0 161 9
a 4 20 0 18 1
a 4 74 0 5 3
a 4 16 0 28 9
a 9 20 0 161 7
a 9 86 0 20 8
a 9 72 0 12 7
a 9 45 0 16 1
a 13 28 0 161 8
a 13 79 0 36 6
a 17 27 0 161 1
a 17 10 0 13 1
a 17 16 0 47 9
a 17 3 0 50 4
a 18 31 0 161 8
a 18 24 0 40 10
a 18 21 0 27 4
a 19 70 0 161 8
a 19 12 0 30 7
a 19 13 0 5 1
a 20 65 0 161 3
a 20 60 0 12 10
a 20 93 0 25 10
a 21 62 0 161 9
a 21 30 0 34 2
a 27 29 0 161 9
a 27 61 0 34 1
a 28 66 0 161 6
a 28 93 0 28 5
a 28 5 0 18 5
a 29 40 0 161 2
a 29 15 0 9 6
a 29 33 0 37 4
a 31 78 0 161 6
a 31 48 0 15 4
a 33 42 0 161 5
a 33 81 0 6 3
a 33 27 0 45 6
a 33 41 0 23 2
a 35 96 0 161 5
a 35 60 0 1 10
a 35 87 0 32 7
a 36 73 0 161 6
a 36 18 0 42 9
a 38 64 0 161 5
a 38 80 0 6 5
a 40 35 0 161 6
a 40 17 0 40 5
a 42 44 0 161 8
a 42 17 0 18 8
a 43 19 0 161 1
a 43 52 0 4 2
a 43 31 0 37 3
a 43 47 0 21 7
a 44 97 0 161 4
a 44 85 0 32 8
a 44 61 0 45 2
a 46 9 0 161 3
a 46 92 0 30 8
a 46 41 0 41 1
a 52 60 0 161 1
a 52 5 0 23 10
a 52 71 0 39 5
a 54 43 0 161 10
a 54 32 0 4 1
a 56 89 0 161 2
a 56 6 0 30 3
a 58 75 0 161 4
a 58 38 0 23 4
a 58 8 0 33 1
a 59 54 0 161 1
a 59 46 0 37 3
a 60 33 0 161 10
a 60 89 0 41 10
a 60 37 0 7 7
a 61 82 0 161 1
a 61 31 0 43 8
a 62 72 0 161 4
a 62 67 0 22 6
a 64 91 0 161 10
a 64 24 0 8 3
a 65 100 0 161 7
a 65 4 0 161 2
a 65 3 0 19 8
a 66 61 0 161 3
a 66 97 0 33 5
a 68 80 0 161 4
a 68 21 0 17 5
a 70 58 0 161 3
a 70 94 0 39 7
a 71 84 0 161 7
a 71 13 0 20 4
a 72 77 0 161 9
a 72 47 0 35 1
a 73 18 0 161 3
a 73 27 0 9 9
a 73 97 0 50 9
a 75 52 0 161 2
a 75 60 0 17 1
a 75 85 0 46 1
a 75 54 0 1 5
a 76 99 0 161 8
a 76 8 0 40 1
a 77 3 0 161 4
a 77 4 0 29 2
a 78 93 0 161 9
a 78 56 0 7 10
a 80 17 0 161 3
a 80 65 0 5 6
a 80 50 0 42 9
a 81 68 0 161 9
a 81 98 0 1 8
a 81 94 0 12 8
a 82 94 0 161 7
a 82 21 0 11 4
a 82 47 0 37 4
a 84 36 0 161 2
a 84 4 0 12 1
a 84 44 0 35 2
a 85 76 0 161 6
a 85 97 0 34 2
a 89 81 0 161 6
a 89 18 0 36 7
a 89 94 0 22 10
a 91 46 0 161 7
a 91 68 0 29 10
a 93 56 0 161 6
a 93 53 0 47 5
a 93 98 0 10 5
a 94 71 0 161 8
a 94 48 0 20 3
a 94 79 0 38 6
a 96 21 0 161 8
a 96 83 0 14 4
a 96 54 0 21 4
a 97 85 0 161 10
a 97 14 0 34 1
a 97 43 0 13 3
a 2 95 0 89 8
a 2 92 0 11 5
a 2 9 0 45 6
a 5 67 0 89 1
a 5 74 0 34 6
a 6 34 0 89 2
a 6 71 0 36 1
a 6 11 0 4 8
a 7 86 0 89 1
a 7 73 0 26 9
a 7 60 0 32 4
a 8 12 0 89 9
a 8 37 0 19 1
a 10 87 0 89 2
a 10 34 0 27 5
a 11 98 0 89 6
a 11 43 0 3 3
a 12 23 0 89 4
a 12 79 0 23 9
a 14 26 0 89 2
a 14 42 0 4 10
a 15 48 0 89 5
a 15 29 0 42 3
a 16 88 0 89 9
a 16 47 0 47 8
a 16 35 0 23 10
a 22 39 0 89 6
a 22 37 0 37 1
a 23 16 0 89 2
a 23 56 0 48 7
a 23 3 0 5 10
a 24 32 0 89 10
a 24 96 0 21 10
a 25 53 0 89 3
a 25 56 0 32 3
a 25 28 0 12 9
a 26 6 0 89 1
a 26 46 0 25 3
a 26 29 0 13 5
a 30 55 0 89 9
a 30 48 0 13 9
a 32 30 0 89 10
a 32 13 0 49 5
a 34 90 0 89 4
a 34 57 0 27 1
a 34 48 0 22 7
a 37 69 0 89 7
a 37 10 0 21 1
a 37 20 0 15 6
a 39 37 0 89 9
a 39 59 0 7 1
a 41 25 0 89 2
a 41 16 0 15 6
a 41 49 0 40 10
a 45 15 0 89 7
a 45 58 0 24 8
a 47 45 0 89 3
a 47 78 0 15 1
a 48 7 0 89 3
a 48 88 0 10 5
a 49 50 0 89 1
a 49 71 0 39 8
a 49 100 0 22 4
a 50 51 0 89 5
a 50 18 0 33 3
a 51 41 0 89 9
a 51 43 0 45 6
a 51 52 0 5 9
a 53 11 0 89 7
a 53 99 0 46 2
a 55 49 0 89 4
a 55 15 0 24 2
a 55 64 0 42 6
a 57 74 0 89 5
a 57 80 0 31 2
a 57 32 0 27 1
a 63 83 0 89 1
a 63 99 0 89 1
a 63 19 0 23 5
a 63 45 0 23 6
a 67 47 0 89 2
a 67 98 0 48 7
a 69 79 0 89 3
a 69 25 0 11 6
a 69 60 0 39 3
a 74 8 0 89 3
a 74 12 0 24 5
a 79 57 0 89 7
a 79 47 0 31 5
a 79 50 0 18 10
a 83 14 0 89 4
a 83 35 0 31 9
a 83 67 0 4 1
a 86 10 0 89 7
a 86 40 0 7 6
a 86 16 0 34 1
a 87 92 0 89 2
a 87 45 0 40 8
a 88 5 0 89 9
a 88 30 0 48 3
a 90 100 0 89 10
a 90 85 0 11 6
a 92 63 0 89 4
a 92 7 0 48 7
a 95 24 0 89 8
a 95 98 0 5 9
a 98 22 0 89 4
a 98 32 0 37 3
