c PyNETGEN v1.0.0
c $ pip install pynetgen
c
c  NETGEN flow network generation algorithm
c  Problem input parameters
c  -------------------------------------
c   Random seed:          23
c   Number of nodes:      100
c   Source nodes:         2
c   Sink nodes:           2
c   Number of arcs:       251
c   Minimum arc cost:     1
c   Maximum arc cost:     10
c   Total supply:         250
c   Transshipment -
c     Sources:            0
c     Sinks:              0
c   Skeleton arcs -
c     With max cost:      0
c     Capacitated:        100
c   Minimum arc capacity: 1
c   Maximum arc capacity: 50
c
c  *** Minimum cost flow ***
c
p min 100 251
n 1 194
n 2 56
n 99 -138
n 100 -112
a 1 32 0 194 7
a 1 71 0 14 2
a 1 31 0 8 3
a 5 88 0 194 4
a 5 46 0 38 2
a 7 95 0 194 8
a 7 91 0 16 5
a 7 84 0 34 2
a 8 79 0 194 1
a 8 75 0 4 6
a 9 19 0 194 3
a 9 99 0 27 3
a 9 24 0 48 1
a 9 27 0 31 2
a 12 80 0 194 10
a 12 82 0 9 2
a 12 59 0 34 2
a 12 75 0 5 6
a 16 71 0 194 6
a 16 99 0 194 1
a 16 62 0 37 4
a 16 42 0 42 6
a 16 75 0 26 1
a 17 9 0 194 6
a 17 53 0 9 5
a 17 54 0 6 3
a 19 87 0 194 10
a 19 3 0 9 6
a 21 30 0 194 3
a 21 34 0 22 5
a 21 32 0 10 5
a 22 46 0 194 7
a 22 12 0 47 8
a 22 79 0 27 5
a 29 39 0 194 8
a 29 77 0 40 5
a 29 46 0 25 7
a 30 83 0 194 9
a 30 46 0 4 6
a 30 70 0 2 6
a 31 61 0 194 1
a 31 92 0 38 6
a 32 86 0 194 3
a 32 33 0 38 8
a 32 64 0 13 1
a 34 22 0 194 2
a 34 10 0 23 5
a 35 68 0 194 4
a 35 87 0 36 9
a 35 40 0 38 1
a 39 17 0 194 2
a 39 66 0 20 9
a 43 44 0 194 7
a 43 32 0 47 10
a 43 29 0 5 10
a 44 55 0 194 7
a 44 88 0 6 4
a 45 63 0 194 1
a 45 40 0 18 10
a 45 67 0 14 4
a 46 97 0 194 1
a 46 26 0 49 10
a 46 34 0 4 1
a 53 29 0 194 9
a 53 24 0 36 4
a 55 85 0 194 1
a 55 18 0 16 4
a 58 5 0 194 3
a 58 95 0 15 9
a 61 74 0 194 10
a 61 97 0 9 9
a 62 43 0 194 7
a 62 75 0 50 5
a 63 76 0 194 8
a 63 84 0 7 9
a 63 5 0 46 10
a 64 92 0 194 3
a 64 82 0 32 5
a 64 51 0 4 6
a 68 12 0 194 2
a 68 64 0 38 10
a 68 5 0 29 5
a 71 98 0 194 5
a 71 55 0 9 6
a 74 45 0 194 9
a 74 69 0 32 8
a 74 93 0 14 2
a 75 7 0 194 3
a 75 22 0 43 9
a 76 64 0 194 3
a 76 9 0 16 1
a 79 53 0 194 3
a 79 65 0 8 5
a 80 8 0 194 7
a 80 73 0 12 3
a 80 74 0 5 2
a 82 31 0 194 2
a 82 91 0 25 2
a 82 37 0 17 1
a 83 84 0 194 3
a 83 24 0 34 9
a 84 58 0 194 2
a 84 33 0 41 10
a 84 52 0 12 4
a 85 21 0 194 7
a 85 63 0 5 10
a 86 62 0 194 9
a 86 98 0 26 4
a 86 35 0 4 3
a 87 82 0 194 5
a 87 36 0 38 5
a 87 4 0 14 10
a 88 75 0 194 3
a 88 6 0 46 9
a 88 52 0 6 1
a 92 100 0 194 4
a 92 90 0 16 9
a 95 16 0 194 10
a 95 76 0 50 8
a 95 72 0 25 9
a 97 35 0 194 7
a 97 92 0 10 9
a 97 76 0 3 7
a 98 34 0 194 8
a 98 50 0 9 1
a 98 81 0 33 2
a 2 13 0 56 2
a 2 95 0 34 7
a 3 48 0 56 5
a 3 100 0 56 2
a 3 6 0 22 9
a 4 14 0 56 9
a 4 41 0 2 1
a 6 37 0 56 4
a 6 42 0 50 6
a 6 48 0 35 8
a 10 47 0 56 9
a 10 62 0 37 3
a 10 4 0 4 4
a 11 77 0 56 10
a 11 75 0 4 4
a 11 63 0 17 5
a 13 57 0 56 10
a 13 87 0 12 2
a 13 26 0 34 10
a 14 18 0 56 2
a 14 59 0 8 6
a 15 89 0 56 7
a 15 100 0 48 2
a 15 32 0 36 10
a 18 26 0 56 7
a 18 81 0 17 3
a 18 84 0 12 3
a 20 23 0 56 9
a 20 61 0 12 3
a 20 43 0 15 2
a 23 52 0 56 4
a 23 66 0 31 8
a 23 24 0 41 6
a 24 65 0 56 6
a 24 49 0 31 1
a 25 11 0 56 4
a 25 77 0 8 7
a 25 91 0 36 3
a 26 27 0 56 7
a 26 6 0 1 3
a 26 72 0 17 3
a 27 78 0 56 10
a 27 41 0 45 6
a 27 89 0 37 4
a 28 72 0 56 6
a 28 18 0 44 7
a 28 95 0 16 6
a 33 25 0 56 2
a 33 13 0 20 9
a 33 15 0 24 4
a 36 40 0 56 2
a 36 100 0 3 7
a 37 93 0 56 6
a 37 62 0 11 5
a 38 91 0 56 8
a 38 84 0 45 5
a 38 34 0 1 9
a 40 3 0 56 1
a 40 11 0 10 6
a 41 6 0 56 7
a 41 68 0 19 4
a 42 67 0 56 9
a 42 51 0 28 4
a 47 20 0 56 2
a 47 69 0 18 1
a 47 4 0 48 1
a 48 99 0 56 10
a 48 25 0 49 6
a 49 41 0 56 10
a 49 12 0 18 9
a 50 24 0 56 2
a 50 64 0 50 3
a 51 59 0 56 8
a 51 78 0 10 2
a 52 60 0 56 10
a 52 24 0 50 5
a 54 36 0 56 8
a 54 26 0 11 5
a 56 49 0 56 7
a 56 84 0 29 5
a 56 76 0 3 9
a 57 51 0 56 4
a 57 50 0 15 8
a 59 73 0 56 7
a 59 60 0 31 7
a 60 42 0 56 7
a 60 13 0 11 10
a 65 96 0 56 2
a 65 62 0 49 8
a 66 56 0 56 10
a 66 40 0 23 9
a 67 54 0 56 5
a 67 74 0 29 6
a 67 15 0 17 9
a 69 33 0 56 5
a 69 18 0 11 4
a 69 35 0 39 8
a 70 50 0 56 8
a 70 94 0 12 8
a 70 64 0 14 1
a 72 94 0 56 7
a 72 24 0 2 3
a 72 50 0 11 9
a 73 4 0 56 5
a 73 7 0 15 5
a 73 95 0 38 7
a 77 66 0 56 7
a 77 45 0 31 10
a 78 69 0 56 2
a 78 30 0 19 8
a 81 10 0 56 7
a 81 61 0 2 3
a 89 38 0 56 4
a 89 86 0 4 10
a 89 11 0 24 10
a 90 15 0 56 2
a 90 9 0 37 4
a 91 70 0 56 2
a 91 23 0 46 10
a 93 90 0 56 1
a 93 34 0 36 10
a 94 81 0 56 9
a 94 79 0 34 10
a 96 28 0 56 8
a 96 10 0 1 10
