c PyNETGEN v1.0.0
c $ pip install pynetgen
c
c  NETGEN flow network generation algorithm
c  Problem input parameters
c  -------------------------------------
c   Random seed:          42
c   Number of nodes:      100
c   Source nodes:         2
c   Sink nodes:           2
c   Number of arcs:       251
c   Minimum arc cost:     1
c   Maximum arc cost:     10
c   Total supply:         250
c   Transshipment -
c     Sources:            0
c     Sinks:              0
c   Skeleton arcs -
c     With max cost:      0
c     Capacitated:        100
c   Minimum arc capacity: 1
c   Maximum arc capacity: 50
c
c  *** Minimum cost flow ***
c
p min 100 251
n 1 20
n 2 230
n 99 -149
n 100 -101
a 1 60 0 20 2
a 1 46 0 8 5
a 1 6 0 39 2
a 1 32 0 45 5
a 4 15 0 20 2
a 4 56 0 8 10
a 4 35 0 5 6
a 5 95 0 20 3
a 5 44 0 24 6
a 5 80 0 17 5
a 5 65 0 6 10
a 11 51 0 20 4
a 11 80 0 23 7
a 11 5 0 30 3
a 11 7 0 39 10
a 15 63 0 20 9
a 15 65 0 13 3
a 16 71 0 20 6
a 16 14 0 48 9
a 17 62 0 20 3
a 17 69 0 33 2
a 17 12 0 15 2
a 17 42 0 46 2
a 23 24 0 20 8
a 23 50 0 16 5
a 23 97 0 49 7
a 24 82 0 20 2
a 24 30 0 27 4
a 24 75 0 38 10
a 27 65 0 20 3
a 27 49 0 32 8
a 28 99 0 20 6
a 28 19 0 2 4
a 28 76 0 43 8
a 31 17 0 20 2
a 31 82 0 31 7
a 33 92 0 20 2
a 33 30 0 48 2
a 37 56 0 20 5
a 37 87 0 18 10
a 38 46 0 20 7
a 38 78 0 16 10
a 38 20 0 37 7
a 38 54 0 30 2
a 40 52 0 20 6
a 40 80 0 19 2
a 46 97 0 20 4
a 46 10 0 26 5
a 47 70 0 20 4
a 47 64 0 8 10
a 49 73 0 20 10
a 49 79 0 42 5
a 50 54 0 20 5
a 50 35 0 48 8
a 51 4 0 20 8
a 51 12 0 4 4
a 51 43 0 5 6
a 51 32 0 31 8
a 52 38 0 20 8
a 52 88 0 21 6
a 52 31 0 33 10
a 53 11 0 20 3
a 53 63 0 43 6
a 53 87 0 40 10
a 54 68 0 20 9
a 54 47 0 1 5
a 54 29 0 10 5
a 56 89 0 20 3
a 56 13 0 40 6
a 57 16 0 20 3
a 57 41 0 27 2
a 57 92 0 23 9
a 59 78 0 20 6
a 59 51 0 31 1
a 60 57 0 20 9
a 60 43 0 6 8
a 60 75 0 19 6
a 62 50 0 20 7
a 62 85 0 1 4
a 62 48 0 16 6
a 63 5 0 20 5
a 63 77 0 6 3
a 65 33 0 20 6
a 65 47 0 14 8
a 65 87 0 40 3
a 68 28 0 20 7
a 68 48 0 4 8
a 68 40 0 36 4
a 70 85 0 20 10
a 70 30 0 6 9
a 70 76 0 2 4
a 71 86 0 20 7
a 71 63 0 45 1
a 73 27 0 20 1
a 73 34 0 16 2
a 75 47 0 20 1
a 75 42 0 23 1
a 75 14 0 27 5
a 78 40 0 20 8
a 78 47 0 50 9
a 78 73 0 20 6
a 82 31 0 20 8
a 82 72 0 27 3
a 82 38 0 20 5
a 84 49 0 20 8
a 84 54 0 37 6
a 85 37 0 20 6
a 85 98 0 41 9
a 85 93 0 22 8
a 86 84 0 20 2
a 86 26 0 11 3
a 86 70 0 33 10
a 89 59 0 20 4
a 89 26 0 25 5
a 92 94 0 20 6
a 92 61 0 24 4
a 92 96 0 28 10
a 94 53 0 20 1
a 94 39 0 3 6
a 94 82 0 22 7
a 95 75 0 20 2
a 95 39 0 2 5
a 97 23 0 20 10
a 97 100 0 20 9
a 97 28 0 19 3
a 97 87 0 44 1
a 2 90 0 230 9
a 2 34 0 9 9
a 3 81 0 230 6
a 3 73 0 37 4
a 6 32 0 230 5
a 6 80 0 9 10
a 6 73 0 35 9
a 7 96 0 230 4
a 7 40 0 27 10
a 8 61 0 230 3
a 8 23 0 37 1
a 9 74 0 230 3
a 9 37 0 36 3
a 10 39 0 230 2
a 10 12 0 18 6
a 12 25 0 230 9
a 12 7 0 20 10
a 12 91 0 10 1
a 13 45 0 230 8
a 13 24 0 16 4
a 13 38 0 33 7
a 14 83 0 230 2
a 14 45 0 28 3
a 18 69 0 230 7
a 18 24 0 18 2
a 18 20 0 7 5
a 19 7 0 230 7
a 19 88 0 40 1
a 20 80 0 230 5
a 20 11 0 13 6
a 21 58 0 230 7
a 21 71 0 38 2
a 22 77 0 230 4
a 22 81 0 32 1
a 25 79 0 230 6
a 25 20 0 46 9
a 26 36 0 230 1
a 26 67 0 24 10
a 29 34 0 230 9
a 29 88 0 27 3
a 30 91 0 230 7
a 30 31 0 8 5
a 30 73 0 7 1
a 32 99 0 230 4
a 32 86 0 28 7
a 34 26 0 230 2
a 34 32 0 38 9
a 35 72 0 230 9
a 35 30 0 26 1
a 36 9 0 230 1
a 36 39 0 22 3
a 39 19 0 230 2
a 39 54 0 47 10
a 39 96 0 13 3
a 39 86 0 43 3
a 41 42 0 230 6
a 41 89 0 2 8
a 42 8 0 230 5
a 42 98 0 49 3
a 42 79 0 50 10
a 43 22 0 230 1
a 43 40 0 49 6
a 43 21 0 2 5
a 44 64 0 230 4
a 44 10 0 18 6
a 45 18 0 230 8
a 45 89 0 24 3
a 45 35 0 25 4
a 48 35 0 230 7
a 48 24 0 22 9
a 48 44 0 44 1
a 55 12 0 230 3
a 55 68 0 19 4
a 55 86 0 20 4
a 58 43 0 230 4
a 58 15 0 35 8
a 58 22 0 10 8
a 61 66 0 230 3
a 61 92 0 5 3
a 64 14 0 230 8
a 64 86 0 25 2
a 66 20 0 230 1
a 66 59 0 37 10
a 67 30 0 230 2
a 67 97 0 20 4
a 69 93 0 230 2
a 69 90 0 3 7
a 69 62 0 39 10
a 72 21 0 230 7
a 72 24 0 37 5
a 74 55 0 230 6
a 74 78 0 14 3
a 76 6 0 230 2
a 76 82 0 34 2
a 77 87 0 230 4
a 77 58 0 9 5
a 77 82 0 20 8
a 79 88 0 230 9
a 79 23 0 46 1
a 79 83 0 47 1
a 80 48 0 230 6
a 80 86 0 30 7
a 81 76 0 230 7
a 81 47 0 43 9
a 81 23 0 20 3
a 83 41 0 230 3
a 83 86 0 19 10
a 83 93 0 39 3
a 87 100 0 230 7
a 87 3 0 230 9
a 87 66 0 12 8
a 88 10 0 230 6
a 88 72 0 12 10
a 88 8 0 6 9
a 90 67 0 230 6
a 90 5 0 23 10
a 90 74 0 6 2
a 91 29 0 230 7
a 91 70 0 5 3
a 93 44 0 230 6
a 93 87 0 12 8
a 96 98 0 230 2
a 96 75 0 13 7
a 98 13 0 230 7
a 98 50 0 50 3
