c PyNETGEN v1.0.0
c $ pip install pynetgen
c
c  NETGEN flow network generation algorithm
c  Problem input parameters
c  -------------------------------------
c   Random seed:          38
c   Number of nodes:      100
c   Source nodes:         2
c   Sink nodes:           2
c   Number of arcs:       251
c   Minimum arc cost:     1
c   Maximum arc cost:     10
c   Total supply:         250
c   Transshipment -
c     Sources:            0
c     Sinks:              0
c   Skeleton arcs -
c     With max cost:      0
c     Capacitated:        100
c   Minimum arc capacity: 1
c   Maximum arc capacity: 50
c
c  *** Minimum cost flow ***
c
p min 100 251
n 1 125
n 2 125
n 99 -104
n 100 -146
a 1 59 0 125 8
a 1 17 0 39 4
a 1 53 0 10 9
a 1 37 0 37 2
a 3 36 0 125 9
a 3 61 0 1 2
a 3 17 0 29 10
a 3 57 0 12 8
a 4 24 0 125 7
a 4 87 0 24 3
a 4 5 0 24 2
a 5 8 0 125 5
a 5 37 0 1 10
a 5 10 0 46 7
a 5 59 0 19 2
a 6 86 0 125 8
a 6 58 0 6 10
a 6 59 0 3 1
a 6 13 0 12 5
a 7 93 0 125 8
a 7 51 0 33 10
a 7 21 0 42 4
a 8 69 0 125 8
a 8 4 0 42 9
a 8 94 0 50 10
a 11 3 0 125 3
a 11 18 0 25 8
a 13 80 0 125 10
a 13 97 0 2 10
a 13 100 0 27 5
a 16 64 0 125 5
a 16 67 0 11 7
a 17 65 0 125 9
a 17 59 0 24 8
a 19 85 0 125 10
a 19 70 0 36 8
a 19 44 0 11 6
a 21 5 0 125 9
a 21 61 0 16 1
a 24 7 0 125 5
a 24 47 0 25 2
a 27 45 0 125 1
a 27 88 0 19 9
a 29 89 0 125 9
a 29 24 0 38 3
a 32 39 0 125 10
a 32 31 0 9 3
a 32 43 0 13 4
a 34 11 0 125 8
a 34 82 0 2 4
a 34 76 0 2 8
a 36 95 0 125 4
a 36 75 0 13 8
a 36 56 0 27 7
a 39 94 0 125 7
a 39 30 0 3 6
a 40 21 0 125 3
a 40 51 0 29 1
a 41 47 0 125 7
a 41 95 0 45 4
a 43 51 0 125 2
a 43 21 0 17 10
a 45 32 0 125 9
a 45 65 0 38 7
a 47 97 0 125 8
a 47 13 0 1 8
a 51 52 0 125 3
a 51 25 0 20 6
a 51 61 0 50 6
a 51 89 0 5 2
a 52 79 0 125 4
a 52 35 0 45 3
a 53 68 0 125 3
a 53 65 0 20 7
a 53 20 0 21 2
a 59 16 0 125 10
a 59 53 0 4 4
a 59 25 0 42 5
a 59 77 0 8 5
a 62 43 0 125 9
a 62 27 0 21 7
a 62 22 0 37 1
a 64 96 0 125 3
a 64 82 0 44 2
a 64 83 0 14 6
a 65 34 0 125 9
a 65 45 0 25 10
a 68 13 0 125 8
a 68 29 0 33 3
a 69 99 0 125 3
a 69 68 0 17 3
a 72 83 0 125 1
a 72 87 0 31 3
a 76 40 0 125 4
a 76 39 0 14 5
a 79 29 0 125 6
a 79 25 0 37 8
a 80 76 0 125 1
a 80 52 0 2 5
a 83 6 0 125 10
a 83 35 0 40 1
a 83 14 0 8 8
a 84 27 0 125 8
a 84 67 0 20 6
a 85 84 0 125 3
a 85 54 0 12 4
a 86 4 0 125 4
a 86 56 0 25 3
a 86 80 0 29 6
a 86 34 0 9 2
a 89 91 0 125 3
a 89 12 0 14 10
a 89 45 0 47 5
a 89 92 0 50 10
a 91 53 0 125 8
a 91 73 0 33 3
a 93 19 0 125 2
a 93 31 0 33 6
a 94 41 0 125 1
a 94 49 0 27 3
a 94 36 0 31 3
a 95 72 0 125 4
a 95 100 0 125 7
a 95 31 0 23 4
a 95 94 0 15 5
a 96 17 0 125 10
a 96 55 0 6 5
a 96 94 0 3 2
a 97 62 0 125 2
a 97 76 0 48 2
a 2 58 0 125 7
a 2 29 0 22 4
a 2 48 0 42 9
a 9 56 0 125 8
a 9 61 0 20 5
a 10 9 0 125 8
a 10 61 0 4 5
a 10 78 0 31 8
a 12 55 0 125 2
a 12 88 0 26 8
a 12 93 0 33 7
a 14 26 0 125 6
a 14 39 0 27 8
a 14 65 0 37 7
a 15 74 0 125 7
a 15 42 0 7 4
a 18 14 0 125 5
a 18 4 0 11 8
a 18 33 0 17 9
a 20 35 0 125 9
a 20 61 0 41 6
a 22 12 0 125 9
a 22 34 0 16 10
a 22 45 0 37 3
a 23 73 0 125 2
a 23 74 0 33 10
a 25 37 0 125 1
a 25 78 0 31 10
a 26 23 0 125 1
a 26 11 0 33 7
a 26 33 0 25 6
a 28 67 0 125 6
a 28 83 0 49 9
a 30 15 0 125 10
a 30 5 0 20 9
a 30 49 0 36 6
a 31 66 0 125 2
a 31 14 0 30 8
a 31 30 0 47 8
a 33 10 0 125 1
a 33 7 0 41 5
a 33 68 0 5 6
a 35 50 0 125 8
a 35 41 0 22 7
a 37 92 0 125 5
a 37 48 0 5 10
a 38 49 0 125 2
a 38 22 0 28 1
a 38 71 0 23 10
a 42 70 0 125 4
a 42 78 0 47 1
a 44 60 0 125 7
a 44 10 0 4 9
a 46 82 0 125 2
a 46 19 0 37 9
a 48 22 0 125 1
a 48 96 0 29 5
a 49 44 0 125 2
a 49 32 0 31 7
a 50 88 0 125 8
a 50 82 0 12 3
a 50 51 0 2 5
a 54 57 0 125 4
a 54 11 0 13 4
a 55 99 0 125 6
a 55 90 0 125 4
a 55 39 0 16 10
a 56 42 0 125 6
a 56 7 0 50 1
a 56 33 0 22 4
a 57 61 0 125 3
a 57 7 0 3 8
a 58 25 0 125 5
a 58 51 0 38 4
a 58 67 0 39 8
a 60 100 0 125 10
a 60 77 0 8 3
a 60 48 0 36 3
a 61 71 0 125 5
a 61 56 0 29 5
a 63 78 0 125 10
a 63 88 0 4 1
a 63 14 0 50 4
a 66 81 0 125 9
a 66 50 0 19 2
a 66 29 0 5 4
a 67 63 0 125 2
a 67 44 0 43 4
a 67 57 0 47 3
a 70 48 0 125 10
a 70 51 0 38 3
a 71 28 0 125 3
a 71 79 0 35 5
a 73 98 0 125 3
a 73 45 0 21 7
a 74 77 0 125 4
a 74 95 0 38 3
a 75 46 0 125 9
a 75 70 0 3 4
a 75 100 0 15 4
a 77 20 0 125 8
a 77 100 0 23 3
a 78 75 0 125 8
a 78 74 0 26 6
a 78 98 0 11 4
a 81 38 0 125 1
a 81 46 0 28 3
a 82 30 0 125 9
a 82 58 0 44 9
a 87 31 0 125 5
a 87 95 0 42 2
a 87 34 0 23 1
a 88 87 0 125 9
a 88 66 0 8 4
a 90 54 0 125 3
a 90 74 0 1 1
a 90 62 0 3 7
a 92 18 0 125 1
a 92 93 0 12 5
a 98 33 0 125 2
a 98 16 0 46 10
